# LISA, DECIGO, and BBO peak-integrated sensitivities
# (*) to the signal from sound waves
# (*) for auto- (LISA) and cross- (DECIGO, BBO) correlation searches
# (*) at design sensitivity
#
# Normalization
# (*) threshold signal-to-noise ratio = 1
# (*) observing time = 1 yr
#
# Column 1: Log10 of the peak frequency f_s, redshifted to today, in units of Hz
# Column 2: Log10 of the peak-integrated sensitivity for LISA
# Column 3: Log10 of the peak-integrated sensitivity for DECIGO
# Column 4: Log10 of the peak-integrated sensitivity for BBO
#
#

 -8.000000	  3.567952	  5.580949	  5.247652
 -7.990000	  3.527952	  5.540949	  5.207652
 -7.980000	  3.487952	  5.500949	  5.167652
 -7.970000	  3.447952	  5.460949	  5.127652
 -7.960000	  3.407952	  5.420949	  5.087652
 -7.950000	  3.367952	  5.380949	  5.047652
 -7.940000	  3.327952	  5.340949	  5.007652
 -7.930000	  3.287952	  5.300949	  4.967652
 -7.920000	  3.247952	  5.260949	  4.927652
 -7.910000	  3.207952	  5.220949	  4.887652
 -7.900000	  3.167952	  5.180949	  4.847652
 -7.890000	  3.127952	  5.140949	  4.807652
 -7.880000	  3.087952	  5.100949	  4.767652
 -7.870000	  3.047952	  5.060949	  4.727652
 -7.860000	  3.007952	  5.020949	  4.687652
 -7.850000	  2.967952	  4.980949	  4.647652
 -7.840000	  2.927952	  4.940949	  4.607652
 -7.830000	  2.887952	  4.900949	  4.567652
 -7.820000	  2.847952	  4.860949	  4.527652
 -7.810000	  2.807953	  4.820949	  4.487652
 -7.800000	  2.767953	  4.780949	  4.447652
 -7.790000	  2.727953	  4.740949	  4.407652
 -7.780000	  2.687953	  4.700949	  4.367652
 -7.770000	  2.647953	  4.660949	  4.327652
 -7.760000	  2.607953	  4.620949	  4.287652
 -7.750000	  2.567953	  4.580949	  4.247652
 -7.740000	  2.527953	  4.540949	  4.207652
 -7.730000	  2.487953	  4.500949	  4.167652
 -7.720000	  2.447953	  4.460949	  4.127652
 -7.710000	  2.407954	  4.420949	  4.087652
 -7.700000	  2.367954	  4.380949	  4.047652
 -7.690000	  2.327954	  4.340949	  4.007652
 -7.680000	  2.287954	  4.300949	  3.967652
 -7.670000	  2.247954	  4.260949	  3.927652
 -7.660000	  2.207954	  4.220949	  3.887652
 -7.650000	  2.167954	  4.180949	  3.847652
 -7.640000	  2.127955	  4.140949	  3.807652
 -7.630000	  2.087955	  4.100949	  3.767652
 -7.620000	  2.047955	  4.060949	  3.727652
 -7.610000	  2.007955	  4.020949	  3.687652
 -7.600000	  1.967955	  3.980949	  3.647652
 -7.590000	  1.927956	  3.940949	  3.607652
 -7.580000	  1.887956	  3.900949	  3.567652
 -7.570000	  1.847956	  3.860949	  3.527652
 -7.560000	  1.807956	  3.820949	  3.487652
 -7.550000	  1.767956	  3.780949	  3.447652
 -7.540000	  1.727957	  3.740949	  3.407652
 -7.530000	  1.687957	  3.700949	  3.367652
 -7.520000	  1.647957	  3.660949	  3.327652
 -7.510000	  1.607958	  3.620949	  3.287652
 -7.500000	  1.567958	  3.580949	  3.247652
 -7.490000	  1.527958	  3.540949	  3.207652
 -7.480000	  1.487959	  3.500949	  3.167652
 -7.470000	  1.447959	  3.460949	  3.127652
 -7.460000	  1.407959	  3.420949	  3.087652
 -7.450000	  1.367960	  3.380949	  3.047652
 -7.440000	  1.327960	  3.340949	  3.007652
 -7.430000	  1.287961	  3.300949	  2.967652
 -7.420000	  1.247961	  3.260949	  2.927652
 -7.410000	  1.207962	  3.220949	  2.887652
 -7.400000	  1.167962	  3.180949	  2.847652
 -7.390000	  1.127963	  3.140949	  2.807652
 -7.380000	  1.087963	  3.100949	  2.767652
 -7.370000	  1.047964	  3.060949	  2.727652
 -7.360000	  1.007964	  3.020949	  2.687652
 -7.350000	  0.967965	  2.980949	  2.647652
 -7.340000	  0.927966	  2.940949	  2.607652
 -7.330000	  0.887966	  2.900949	  2.567652
 -7.320000	  0.847967	  2.860949	  2.527652
 -7.310000	  0.807968	  2.820949	  2.487652
 -7.300000	  0.767969	  2.780949	  2.447652
 -7.290000	  0.727970	  2.740949	  2.407652
 -7.280000	  0.687971	  2.700949	  2.367652
 -7.270000	  0.647971	  2.660949	  2.327652
 -7.260000	  0.607972	  2.620949	  2.287652
 -7.250000	  0.567973	  2.580949	  2.247652
 -7.240000	  0.527975	  2.540949	  2.207652
 -7.230000	  0.487976	  2.500949	  2.167652
 -7.220000	  0.447977	  2.460949	  2.127652
 -7.210000	  0.407978	  2.420949	  2.087652
 -7.200000	  0.367979	  2.380949	  2.047652
 -7.190000	  0.327981	  2.340949	  2.007652
 -7.180000	  0.287982	  2.300949	  1.967652
 -7.170000	  0.247984	  2.260949	  1.927652
 -7.160000	  0.207985	  2.220949	  1.887652
 -7.150000	  0.167987	  2.180949	  1.847652
 -7.140000	  0.127988	  2.140949	  1.807652
 -7.130000	  0.087990	  2.100949	  1.767652
 -7.120000	  0.047992	  2.060949	  1.727652
 -7.110000	  0.007994	  2.020949	  1.687652
 -7.100000	 -0.032004	  1.980949	  1.647652
 -7.090000	 -0.072002	  1.940949	  1.607652
 -7.080000	 -0.112000	  1.900949	  1.567652
 -7.070000	 -0.151997	  1.860949	  1.527652
 -7.060000	 -0.191995	  1.820949	  1.487652
 -7.050000	 -0.231992	  1.780949	  1.447652
 -7.040000	 -0.271990	  1.740949	  1.407652
 -7.030000	 -0.311987	  1.700949	  1.367652
 -7.020000	 -0.351984	  1.660949	  1.327652
 -7.010000	 -0.391981	  1.620949	  1.287652
 -7.000000	 -0.431977	  1.580949	  1.247652
 -6.990000	 -0.471974	  1.540949	  1.207652
 -6.980000	 -0.511971	  1.500949	  1.167652
 -6.970000	 -0.551967	  1.460949	  1.127652
 -6.960000	 -0.591963	  1.420949	  1.087652
 -6.950000	 -0.631959	  1.380949	  1.047652
 -6.940000	 -0.671955	  1.340949	  1.007652
 -6.930000	 -0.711950	  1.300949	  0.967652
 -6.920000	 -0.751946	  1.260949	  0.927652
 -6.910000	 -0.791941	  1.220949	  0.887652
 -6.900000	 -0.831936	  1.180949	  0.847652
 -6.890000	 -0.871930	  1.140949	  0.807652
 -6.880000	 -0.911925	  1.100949	  0.767652
 -6.870000	 -0.951919	  1.060949	  0.727652
 -6.860000	 -0.991913	  1.020949	  0.687652
 -6.850000	 -1.031906	  0.980949	  0.647652
 -6.840000	 -1.071899	  0.940949	  0.607652
 -6.830000	 -1.111892	  0.900949	  0.567652
 -6.820000	 -1.151885	  0.860949	  0.527652
 -6.810000	 -1.191877	  0.820949	  0.487652
 -6.800000	 -1.231869	  0.780949	  0.447652
 -6.790000	 -1.271861	  0.740949	  0.407652
 -6.780000	 -1.311852	  0.700949	  0.367652
 -6.770000	 -1.351842	  0.660949	  0.327652
 -6.760000	 -1.391833	  0.620949	  0.287652
 -6.750000	 -1.431822	  0.580949	  0.247652
 -6.740000	 -1.471812	  0.540949	  0.207652
 -6.730000	 -1.511801	  0.500949	  0.167652
 -6.720000	 -1.551789	  0.460949	  0.127652
 -6.710000	 -1.591777	  0.420949	  0.087652
 -6.700000	 -1.631764	  0.380949	  0.047652
 -6.690000	 -1.671750	  0.340949	  0.007652
 -6.680000	 -1.711736	  0.300949	 -0.032348
 -6.670000	 -1.751721	  0.260949	 -0.072348
 -6.660000	 -1.791706	  0.220949	 -0.112348
 -6.650000	 -1.831690	  0.180949	 -0.152348
 -6.640000	 -1.871673	  0.140949	 -0.192348
 -6.630000	 -1.911655	  0.100949	 -0.232348
 -6.620000	 -1.951637	  0.060949	 -0.272348
 -6.610000	 -1.991617	  0.020949	 -0.312348
 -6.600000	 -2.031597	 -0.019051	 -0.352348
 -6.590000	 -2.071576	 -0.059051	 -0.392348
 -6.580000	 -2.111553	 -0.099051	 -0.432348
 -6.570000	 -2.151530	 -0.139051	 -0.472348
 -6.560000	 -2.191506	 -0.179051	 -0.512348
 -6.550000	 -2.231480	 -0.219051	 -0.552348
 -6.540000	 -2.271453	 -0.259051	 -0.592348
 -6.530000	 -2.311425	 -0.299051	 -0.632348
 -6.520000	 -2.351396	 -0.339051	 -0.672348
 -6.510000	 -2.391365	 -0.379051	 -0.712348
 -6.500000	 -2.431333	 -0.419051	 -0.752348
 -6.490000	 -2.471299	 -0.459051	 -0.792348
 -6.480000	 -2.511264	 -0.499051	 -0.832348
 -6.470000	 -2.551227	 -0.539051	 -0.872348
 -6.460000	 -2.591188	 -0.579051	 -0.912348
 -6.450000	 -2.631148	 -0.619051	 -0.952348
 -6.440000	 -2.671105	 -0.659051	 -0.992348
 -6.430000	 -2.711061	 -0.699051	 -1.032348
 -6.420000	 -2.751014	 -0.739051	 -1.072348
 -6.410000	 -2.790966	 -0.779051	 -1.112348
 -6.400000	 -2.830915	 -0.819051	 -1.152348
 -6.390000	 -2.870861	 -0.859051	 -1.192348
 -6.380000	 -2.910806	 -0.899051	 -1.232348
 -6.370000	 -2.950747	 -0.939051	 -1.272348
 -6.360000	 -2.990686	 -0.979051	 -1.312348
 -6.350000	 -3.030622	 -1.019051	 -1.352348
 -6.340000	 -3.070555	 -1.059051	 -1.392348
 -6.330000	 -3.110485	 -1.099051	 -1.432348
 -6.320000	 -3.150411	 -1.139051	 -1.472348
 -6.310000	 -3.190334	 -1.179051	 -1.512347
 -6.300000	 -3.230254	 -1.219051	 -1.552347
 -6.290000	 -3.270169	 -1.259051	 -1.592347
 -6.280000	 -3.310081	 -1.299051	 -1.632347
 -6.270000	 -3.349989	 -1.339051	 -1.672347
 -6.260000	 -3.389892	 -1.379051	 -1.712347
 -6.250000	 -3.429791	 -1.419051	 -1.752347
 -6.240000	 -3.469685	 -1.459051	 -1.792347
 -6.230000	 -3.509574	 -1.499051	 -1.832347
 -6.220000	 -3.549458	 -1.539051	 -1.872347
 -6.210000	 -3.589337	 -1.579051	 -1.912347
 -6.200000	 -3.629210	 -1.619051	 -1.952347
 -6.190000	 -3.669077	 -1.659051	 -1.992347
 -6.180000	 -3.708938	 -1.699051	 -2.032347
 -6.170000	 -3.748792	 -1.739051	 -2.072347
 -6.160000	 -3.788640	 -1.779051	 -2.112347
 -6.150000	 -3.828481	 -1.819051	 -2.152347
 -6.140000	 -3.868314	 -1.859051	 -2.192347
 -6.130000	 -3.908139	 -1.899051	 -2.232347
 -6.120000	 -3.947957	 -1.939051	 -2.272347
 -6.110000	 -3.987766	 -1.979051	 -2.312347
 -6.100000	 -4.027566	 -2.019051	 -2.352347
 -6.090000	 -4.067356	 -2.059050	 -2.392347
 -6.080000	 -4.107138	 -2.099050	 -2.432347
 -6.070000	 -4.146909	 -2.139050	 -2.472347
 -6.060000	 -4.186669	 -2.179050	 -2.512347
 -6.050000	 -4.226419	 -2.219050	 -2.552347
 -6.040000	 -4.266157	 -2.259050	 -2.592347
 -6.030000	 -4.305883	 -2.299050	 -2.632347
 -6.020000	 -4.345596	 -2.339050	 -2.672347
 -6.010000	 -4.385297	 -2.379050	 -2.712346
 -6.000000	 -4.424983	 -2.419050	 -2.752346
 -5.990000	 -4.464656	 -2.459050	 -2.792346
 -5.980000	 -4.504313	 -2.499050	 -2.832346
 -5.970000	 -4.543955	 -2.539050	 -2.872346
 -5.960000	 -4.583581	 -2.579050	 -2.912346
 -5.950000	 -4.623189	 -2.619050	 -2.952346
 -5.940000	 -4.662780	 -2.659050	 -2.992346
 -5.930000	 -4.702352	 -2.699049	 -3.032346
 -5.920000	 -4.741905	 -2.739049	 -3.072346
 -5.910000	 -4.781438	 -2.779049	 -3.112346
 -5.900000	 -4.820950	 -2.819049	 -3.152346
 -5.890000	 -4.860441	 -2.859049	 -3.192345
 -5.880000	 -4.899908	 -2.899049	 -3.232345
 -5.870000	 -4.939352	 -2.939049	 -3.272345
 -5.860000	 -4.978770	 -2.979049	 -3.312345
 -5.850000	 -5.018164	 -3.019049	 -3.352345
 -5.840000	 -5.057530	 -3.059048	 -3.392345
 -5.830000	 -5.096868	 -3.099048	 -3.432345
 -5.820000	 -5.136177	 -3.139048	 -3.472345
 -5.810000	 -5.175456	 -3.179048	 -3.512344
 -5.800000	 -5.214704	 -3.219048	 -3.552344
 -5.790000	 -5.253919	 -3.259048	 -3.592344
 -5.780000	 -5.293100	 -3.299047	 -3.632344
 -5.770000	 -5.332245	 -3.339047	 -3.672344
 -5.760000	 -5.371354	 -3.379047	 -3.712343
 -5.750000	 -5.410425	 -3.419047	 -3.752343
 -5.740000	 -5.449456	 -3.459047	 -3.792343
 -5.730000	 -5.488446	 -3.499046	 -3.832343
 -5.720000	 -5.527393	 -3.539046	 -3.872343
 -5.710000	 -5.566297	 -3.579046	 -3.912342
 -5.700000	 -5.605155	 -3.619046	 -3.952342
 -5.690000	 -5.643965	 -3.659045	 -3.992342
 -5.680000	 -5.682726	 -3.699045	 -4.032342
 -5.670000	 -5.721437	 -3.739045	 -4.072341
 -5.660000	 -5.760095	 -3.779045	 -4.112341
 -5.650000	 -5.798699	 -3.819044	 -4.152341
 -5.640000	 -5.837247	 -3.859044	 -4.192340
 -5.630000	 -5.875737	 -3.899043	 -4.232340
 -5.620000	 -5.914168	 -3.939043	 -4.272339
 -5.610000	 -5.952537	 -3.979043	 -4.312339
 -5.600000	 -5.990843	 -4.019042	 -4.352339
 -5.590000	 -6.029084	 -4.059042	 -4.392338
 -5.580000	 -6.067259	 -4.099041	 -4.432338
 -5.570000	 -6.105364	 -4.139041	 -4.472337
 -5.560000	 -6.143399	 -4.179040	 -4.512337
 -5.550000	 -6.181361	 -4.219040	 -4.552336
 -5.540000	 -6.219250	 -4.259039	 -4.592336
 -5.530000	 -6.257062	 -4.299039	 -4.632335
 -5.520000	 -6.294797	 -4.339038	 -4.672335
 -5.510000	 -6.332452	 -4.379038	 -4.712334
 -5.500000	 -6.370027	 -4.419037	 -4.752333
 -5.490000	 -6.407519	 -4.459036	 -4.792333
 -5.480000	 -6.444927	 -4.499036	 -4.832332
 -5.470000	 -6.482250	 -4.539035	 -4.872331
 -5.460000	 -6.519486	 -4.579034	 -4.912330
 -5.450000	 -6.556635	 -4.619033	 -4.952330
 -5.440000	 -6.593694	 -4.659032	 -4.992329
 -5.430000	 -6.630664	 -4.699031	 -5.032328
 -5.420000	 -6.667542	 -4.739031	 -5.072327
 -5.410000	 -6.704329	 -4.779030	 -5.112326
 -5.400000	 -6.741024	 -4.819028	 -5.152325
 -5.390000	 -6.777627	 -4.859027	 -5.192324
 -5.380000	 -6.814136	 -4.899026	 -5.232323
 -5.370000	 -6.850553	 -4.939025	 -5.272321
 -5.360000	 -6.886877	 -4.979024	 -5.312320
 -5.350000	 -6.923108	 -5.019023	 -5.352319
 -5.340000	 -6.959247	 -5.059021	 -5.392318
 -5.330000	 -6.995294	 -5.099020	 -5.432316
 -5.320000	 -7.031251	 -5.139018	 -5.472315
 -5.310000	 -7.067118	 -5.179017	 -5.512313
 -5.300000	 -7.102896	 -5.219015	 -5.552311
 -5.290000	 -7.138587	 -5.259013	 -5.592310
 -5.280000	 -7.174192	 -5.299012	 -5.632308
 -5.270000	 -7.209712	 -5.339010	 -5.672306
 -5.260000	 -7.245151	 -5.379008	 -5.712304
 -5.250000	 -7.280509	 -5.419006	 -5.752302
 -5.240000	 -7.315788	 -5.459003	 -5.792300
 -5.230000	 -7.350991	 -5.499001	 -5.832298
 -5.220000	 -7.386120	 -5.538999	 -5.872295
 -5.210000	 -7.421178	 -5.578996	 -5.912293
 -5.200000	 -7.456166	 -5.618994	 -5.952290
 -5.190000	 -7.491088	 -5.658991	 -5.992287
 -5.180000	 -7.525946	 -5.698988	 -6.032285
 -5.170000	 -7.560742	 -5.738985	 -6.072282
 -5.160000	 -7.595479	 -5.778982	 -6.112279
 -5.150000	 -7.630160	 -5.818979	 -6.152275
 -5.140000	 -7.664786	 -5.858975	 -6.192272
 -5.130000	 -7.699360	 -5.898972	 -6.232268
 -5.120000	 -7.733886	 -5.938968	 -6.272264
 -5.110000	 -7.768363	 -5.978964	 -6.312261
 -5.100000	 -7.802796	 -6.018960	 -6.352256
 -5.090000	 -7.837186	 -6.058956	 -6.392252
 -5.080000	 -7.871534	 -6.098951	 -6.432248
 -5.070000	 -7.905844	 -6.138947	 -6.472243
 -5.060000	 -7.940115	 -6.178942	 -6.512238
 -5.050000	 -7.974350	 -6.218936	 -6.552233
 -5.040000	 -8.008550	 -6.258931	 -6.592227
 -5.030000	 -8.042717	 -6.298925	 -6.632222
 -5.020000	 -8.076850	 -6.338919	 -6.672216
 -5.010000	 -8.110952	 -6.378913	 -6.712210
 -5.000000	 -8.145024	 -6.418907	 -6.752203
 -4.990000	 -8.179064	 -6.458900	 -6.792196
 -4.980000	 -8.213076	 -6.498893	 -6.832189
 -4.970000	 -8.247058	 -6.538885	 -6.872182
 -4.960000	 -8.281011	 -6.578877	 -6.912174
 -4.950000	 -8.314936	 -6.618869	 -6.952165
 -4.940000	 -8.348832	 -6.658861	 -6.992157
 -4.930000	 -8.382699	 -6.698852	 -7.032148
 -4.920000	 -8.416538	 -6.738842	 -7.072138
 -4.910000	 -8.450348	 -6.778832	 -7.112129
 -4.900000	 -8.484130	 -6.818822	 -7.152118
 -4.890000	 -8.517882	 -6.858811	 -7.192107
 -4.880000	 -8.551605	 -6.898800	 -7.232096
 -4.870000	 -8.585299	 -6.938788	 -7.272084
 -4.860000	 -8.618962	 -6.978775	 -7.312072
 -4.850000	 -8.652595	 -7.018762	 -7.352059
 -4.840000	 -8.686196	 -7.058749	 -7.392045
 -4.830000	 -8.719767	 -7.098735	 -7.432031
 -4.820000	 -8.753305	 -7.138720	 -7.472016
 -4.810000	 -8.786810	 -7.178704	 -7.512000
 -4.800000	 -8.820282	 -7.218688	 -7.551984
 -4.790000	 -8.853720	 -7.258671	 -7.591967
 -4.780000	 -8.887124	 -7.298653	 -7.631949
 -4.770000	 -8.920493	 -7.338634	 -7.671930
 -4.760000	 -8.953825	 -7.378614	 -7.711911
 -4.750000	 -8.987121	 -7.418594	 -7.751890
 -4.740000	 -9.020380	 -7.458572	 -7.791868
 -4.730000	 -9.053600	 -7.498549	 -7.831846
 -4.720000	 -9.086782	 -7.538526	 -7.871822
 -4.710000	 -9.119924	 -7.578501	 -7.911797
 -4.700000	 -9.153026	 -7.618475	 -7.951771
 -4.690000	 -9.186087	 -7.658448	 -7.991744
 -4.680000	 -9.219105	 -7.698419	 -8.031716
 -4.670000	 -9.252081	 -7.738390	 -8.071686
 -4.660000	 -9.285013	 -7.778358	 -8.111655
 -4.650000	 -9.317901	 -7.818326	 -8.151622
 -4.640000	 -9.350743	 -7.858292	 -8.191588
 -4.630000	 -9.383539	 -7.898256	 -8.231552
 -4.620000	 -9.416288	 -7.938218	 -8.271515
 -4.610000	 -9.448988	 -7.978179	 -8.311475
 -4.600000	 -9.481640	 -8.018138	 -8.351434
 -4.590000	 -9.514242	 -8.058095	 -8.391391
 -4.580000	 -9.546792	 -8.098050	 -8.431346
 -4.570000	 -9.579291	 -8.138003	 -8.471299
 -4.560000	 -9.611736	 -8.177953	 -8.511250
 -4.550000	 -9.644128	 -8.217902	 -8.551198
 -4.540000	 -9.676465	 -8.257847	 -8.591144
 -4.530000	 -9.708746	 -8.297791	 -8.631087
 -4.520000	 -9.740970	 -8.337731	 -8.671028
 -4.510000	 -9.773136	 -8.377669	 -8.710966
 -4.500000	 -9.805243	 -8.417604	 -8.750901
 -4.490000	 -9.837289	 -8.457536	 -8.790832
 -4.480000	 -9.869274	 -8.497465	 -8.830761
 -4.470000	 -9.901197	 -8.537390	 -8.870686
 -4.460000	 -9.933056	 -8.577312	 -8.910608
 -4.450000	 -9.964851	 -8.617230	 -8.950526
 -4.440000	 -9.996580	 -8.657144	 -8.990440
 -4.430000	-10.028241	 -8.697054	 -9.030351
 -4.420000	-10.059835	 -8.736960	 -9.070257
 -4.410000	-10.091359	 -8.776862	 -9.110158
 -4.400000	-10.122813	 -8.816759	 -9.150055
 -4.390000	-10.154195	 -8.856651	 -9.189947
 -4.380000	-10.185504	 -8.896538	 -9.229834
 -4.370000	-10.216738	 -8.936420	 -9.269716
 -4.360000	-10.247898	 -8.976296	 -9.309592
 -4.350000	-10.278980	 -9.016166	 -9.349462
 -4.340000	-10.309985	 -9.056030	 -9.389327
 -4.330000	-10.340910	 -9.095888	 -9.429185
 -4.320000	-10.371755	 -9.135739	 -9.469036
 -4.310000	-10.402518	 -9.175584	 -9.508880
 -4.300000	-10.433198	 -9.215420	 -9.548717
 -4.290000	-10.463793	 -9.255250	 -9.588546
 -4.280000	-10.494303	 -9.295071	 -9.628367
 -4.270000	-10.524725	 -9.334884	 -9.668180
 -4.260000	-10.555059	 -9.374688	 -9.707984
 -4.250000	-10.585304	 -9.414483	 -9.747779
 -4.240000	-10.615457	 -9.454268	 -9.787564
 -4.230000	-10.645518	 -9.494043	 -9.827340
 -4.220000	-10.675485	 -9.533808	 -9.867104
 -4.210000	-10.705357	 -9.573561	 -9.906858
 -4.200000	-10.735133	 -9.613304	 -9.946600
 -4.190000	-10.764811	 -9.653034	 -9.986330
 -4.180000	-10.794389	 -9.692751	-10.026047
 -4.170000	-10.823868	 -9.732455	-10.065752
 -4.160000	-10.853244	 -9.772146	-10.105442
 -4.150000	-10.882517	 -9.811821	-10.145118
 -4.140000	-10.911685	 -9.851482	-10.184778
 -4.130000	-10.940748	 -9.891127	-10.224423
 -4.120000	-10.969703	 -9.930755	-10.264052
 -4.110000	-10.998550	 -9.970366	-10.303663
 -4.100000	-11.027286	-10.009959	-10.343255
 -4.090000	-11.055912	-10.049533	-10.382829
 -4.080000	-11.084425	-10.089087	-10.422383
 -4.070000	-11.112824	-10.128620	-10.461916
 -4.060000	-11.141107	-10.168131	-10.501427
 -4.050000	-11.169275	-10.207620	-10.540916
 -4.040000	-11.197324	-10.247085	-10.580381
 -4.030000	-11.225255	-10.286525	-10.619821
 -4.020000	-11.253065	-10.325939	-10.659235
 -4.010000	-11.280755	-10.365325	-10.698622
 -4.000000	-11.308321	-10.404684	-10.737980
 -3.990000	-11.335763	-10.444012	-10.777309
 -3.980000	-11.363081	-10.483310	-10.816606
 -3.970000	-11.390272	-10.522575	-10.855871
 -3.960000	-11.417337	-10.561806	-10.895102
 -3.950000	-11.444272	-10.601001	-10.934298
 -3.940000	-11.471079	-10.640160	-10.973456
 -3.930000	-11.497755	-10.679279	-11.012575
 -3.920000	-11.524299	-10.718358	-11.051654
 -3.910000	-11.550711	-10.757395	-11.090691
 -3.900000	-11.576989	-10.796387	-11.129683
 -3.890000	-11.603133	-10.835333	-11.168629
 -3.880000	-11.629142	-10.874231	-11.207527
 -3.870000	-11.655014	-10.913078	-11.246375
 -3.860000	-11.680750	-10.951873	-11.285169
 -3.850000	-11.706347	-10.990612	-11.323909
 -3.840000	-11.731806	-11.029294	-11.362591
 -3.830000	-11.757126	-11.067916	-11.401213
 -3.820000	-11.782306	-11.106476	-11.439772
 -3.810000	-11.807345	-11.144970	-11.478266
 -3.800000	-11.832242	-11.183396	-11.516692
 -3.790000	-11.856998	-11.221751	-11.555047
 -3.780000	-11.881612	-11.260031	-11.593327
 -3.770000	-11.906083	-11.298234	-11.631531
 -3.760000	-11.930410	-11.336356	-11.669653
 -3.750000	-11.954593	-11.374395	-11.707691
 -3.740000	-11.978633	-11.412345	-11.745641
 -3.730000	-12.002528	-11.450204	-11.783500
 -3.720000	-12.026278	-11.487968	-11.821264
 -3.710000	-12.049884	-11.525632	-11.858928
 -3.700000	-12.073344	-11.563193	-11.896490
 -3.690000	-12.096659	-11.600647	-11.933943
 -3.680000	-12.119829	-11.637988	-11.971284
 -3.670000	-12.142854	-11.675213	-12.008509
 -3.660000	-12.165733	-11.712316	-12.045613
 -3.650000	-12.188466	-11.749294	-12.082590
 -3.640000	-12.211054	-11.786140	-12.119436
 -3.630000	-12.233498	-11.822850	-12.156146
 -3.620000	-12.255796	-11.859418	-12.192714
 -3.610000	-12.277949	-11.895839	-12.229135
 -3.600000	-12.299957	-11.932107	-12.265403
 -3.590000	-12.321821	-11.968217	-12.301513
 -3.580000	-12.343541	-12.004162	-12.337458
 -3.570000	-12.365118	-12.039937	-12.373233
 -3.560000	-12.386551	-12.075534	-12.408831
 -3.550000	-12.407840	-12.110949	-12.444245
 -3.540000	-12.428988	-12.146173	-12.479470
 -3.530000	-12.449993	-12.181202	-12.514498
 -3.520000	-12.470857	-12.216027	-12.549323
 -3.510000	-12.491579	-12.250641	-12.583938
 -3.500000	-12.512161	-12.285039	-12.618335
 -3.490000	-12.532602	-12.319212	-12.652509
 -3.480000	-12.552904	-12.353154	-12.686450
 -3.470000	-12.573067	-12.386856	-12.720153
 -3.460000	-12.593091	-12.420313	-12.753609
 -3.450000	-12.612977	-12.453515	-12.786812
 -3.440000	-12.632725	-12.486457	-12.819753
 -3.430000	-12.652337	-12.519129	-12.852425
 -3.420000	-12.671812	-12.551525	-12.884822
 -3.410000	-12.691150	-12.583637	-12.916934
 -3.400000	-12.710354	-12.615458	-12.948755
 -3.390000	-12.729422	-12.646981	-12.980277
 -3.380000	-12.748355	-12.678197	-13.011493
 -3.370000	-12.767154	-12.709100	-13.042396
 -3.360000	-12.785819	-12.739683	-13.072979
 -3.350000	-12.804351	-12.769938	-13.103235
 -3.340000	-12.822748	-12.799860	-13.133156
 -3.330000	-12.841013	-12.829441	-13.162737
 -3.320000	-12.859144	-12.858676	-13.191972
 -3.310000	-12.877141	-12.887558	-13.220854
 -3.300000	-12.895006	-12.916082	-13.249378
 -3.290000	-12.912737	-12.944242	-13.277539
 -3.280000	-12.930335	-12.972035	-13.305331
 -3.270000	-12.947798	-12.999455	-13.332751
 -3.260000	-12.965128	-13.026499	-13.359795
 -3.250000	-12.982323	-13.053162	-13.386459
 -3.240000	-12.999382	-13.079444	-13.412740
 -3.230000	-13.016306	-13.105340	-13.438637
 -3.220000	-13.033093	-13.130850	-13.464146
 -3.210000	-13.049742	-13.155972	-13.489269
 -3.200000	-13.066252	-13.180707	-13.514003
 -3.190000	-13.082623	-13.205054	-13.538350
 -3.180000	-13.098852	-13.229014	-13.562311
 -3.170000	-13.114939	-13.252590	-13.585886
 -3.160000	-13.130882	-13.275783	-13.609080
 -3.150000	-13.146679	-13.298598	-13.631894
 -3.140000	-13.162328	-13.321038	-13.654334
 -3.130000	-13.177828	-13.343107	-13.676404
 -3.120000	-13.193176	-13.364812	-13.698109
 -3.110000	-13.208370	-13.386159	-13.719455
 -3.100000	-13.223408	-13.407155	-13.740451
 -3.090000	-13.238287	-13.427806	-13.761103
 -3.080000	-13.253004	-13.448123	-13.781420
 -3.070000	-13.267557	-13.468114	-13.801410
 -3.060000	-13.281943	-13.487788	-13.821084
 -3.050000	-13.296158	-13.507155	-13.840452
 -3.040000	-13.310199	-13.526227	-13.859523
 -3.030000	-13.324063	-13.545014	-13.878310
 -3.020000	-13.337747	-13.563527	-13.896824
 -3.010000	-13.351246	-13.581779	-13.915076
 -3.000000	-13.364557	-13.599782	-13.933078
 -2.990000	-13.377677	-13.617547	-13.950843
 -2.980000	-13.390600	-13.635087	-13.968383
 -2.970000	-13.403324	-13.652414	-13.985710
 -2.960000	-13.415843	-13.669540	-14.002836
 -2.950000	-13.428154	-13.686478	-14.019774
 -2.940000	-13.440252	-13.703240	-14.036536
 -2.930000	-13.452132	-13.719837	-14.053133
 -2.920000	-13.463791	-13.736281	-14.069577
 -2.910000	-13.475223	-13.752583	-14.085879
 -2.900000	-13.486423	-13.768754	-14.102050
 -2.890000	-13.497388	-13.784804	-14.118101
 -2.880000	-13.508111	-13.800744	-14.134040
 -2.870000	-13.518590	-13.816582	-14.149878
 -2.860000	-13.528817	-13.832327	-14.165624
 -2.850000	-13.538790	-13.847989	-14.181286
 -2.840000	-13.548502	-13.863575	-14.196871
 -2.830000	-13.557949	-13.879092	-14.212388
 -2.820000	-13.567127	-13.894547	-14.227844
 -2.810000	-13.576029	-13.909947	-14.243244
 -2.800000	-13.584652	-13.925298	-14.258594
 -2.790000	-13.592991	-13.940604	-14.273900
 -2.780000	-13.601041	-13.955871	-14.289167
 -2.770000	-13.608798	-13.971104	-14.304400
 -2.760000	-13.616256	-13.986305	-14.319601
 -2.750000	-13.623411	-14.001480	-14.334776
 -2.740000	-13.630260	-14.016631	-14.349927
 -2.730000	-13.636797	-14.031761	-14.365057
 -2.720000	-13.643018	-14.046873	-14.380169
 -2.710000	-13.648920	-14.061969	-14.395265
 -2.700000	-13.654498	-14.077051	-14.410347
 -2.690000	-13.659749	-14.092121	-14.425417
 -2.680000	-13.664668	-14.107181	-14.440477
 -2.670000	-13.669252	-14.122232	-14.455528
 -2.660000	-13.673498	-14.137276	-14.470572
 -2.650000	-13.677403	-14.152313	-14.485608
 -2.640000	-13.680963	-14.167344	-14.500640
 -2.630000	-13.684176	-14.182370	-14.515666
 -2.620000	-13.687038	-14.197393	-14.530688
 -2.610000	-13.689548	-14.212412	-14.545707
 -2.600000	-13.691702	-14.227427	-14.560723
 -2.590000	-13.693498	-14.242441	-14.575736
 -2.580000	-13.694936	-14.257452	-14.590747
 -2.570000	-13.696011	-14.272461	-14.605756
 -2.560000	-13.696724	-14.287469	-14.620764
 -2.550000	-13.697073	-14.302475	-14.635770
 -2.540000	-13.697056	-14.317481	-14.650775
 -2.530000	-13.696672	-14.332485	-14.665779
 -2.520000	-13.695921	-14.347489	-14.680783
 -2.510000	-13.694802	-14.362492	-14.695786
 -2.500000	-13.693315	-14.377494	-14.710788
 -2.490000	-13.691458	-14.392496	-14.725790
 -2.480000	-13.689233	-14.407498	-14.740791
 -2.470000	-13.686640	-14.422499	-14.755792
 -2.460000	-13.683678	-14.437500	-14.770793
 -2.450000	-13.680349	-14.452501	-14.785793
 -2.440000	-13.676653	-14.467501	-14.800793
 -2.430000	-13.672592	-14.482501	-14.815793
 -2.420000	-13.668165	-14.497501	-14.830793
 -2.410000	-13.663375	-14.512501	-14.845792
 -2.400000	-13.658224	-14.527501	-14.860792
 -2.390000	-13.652712	-14.542501	-14.875791
 -2.380000	-13.646842	-14.557500	-14.890790
 -2.370000	-13.640616	-14.572500	-14.905789
 -2.360000	-13.634036	-14.587499	-14.920788
 -2.350000	-13.627104	-14.602499	-14.935787
 -2.340000	-13.619823	-14.617498	-14.950785
 -2.330000	-13.612196	-14.632497	-14.965784
 -2.320000	-13.604224	-14.647496	-14.980782
 -2.310000	-13.595912	-14.662494	-14.995780
 -2.300000	-13.587261	-14.677493	-15.010779
 -2.290000	-13.578276	-14.692492	-15.025777
 -2.280000	-13.568960	-14.707490	-15.040775
 -2.270000	-13.559315	-14.722488	-15.055772
 -2.260000	-13.549346	-14.737486	-15.070770
 -2.250000	-13.539055	-14.752484	-15.085767
 -2.240000	-13.528448	-14.767481	-15.100765
 -2.230000	-13.517526	-14.782479	-15.115762
 -2.220000	-13.506294	-14.797476	-15.130759
 -2.210000	-13.494757	-14.812473	-15.145756
 -2.200000	-13.482917	-14.827469	-15.160752
 -2.190000	-13.470779	-14.842466	-15.175749
 -2.180000	-13.458346	-14.857462	-15.190745
 -2.170000	-13.445624	-14.872457	-15.205741
 -2.160000	-13.432615	-14.887452	-15.220737
 -2.150000	-13.419325	-14.902447	-15.235733
 -2.140000	-13.405757	-14.917441	-15.250729
 -2.130000	-13.391915	-14.932435	-15.265724
 -2.120000	-13.377804	-14.947428	-15.280719
 -2.110000	-13.363428	-14.962420	-15.295714
 -2.100000	-13.348790	-14.977412	-15.310708
 -2.090000	-13.333896	-14.992403	-15.325702
 -2.080000	-13.318749	-15.007394	-15.340696
 -2.070000	-13.303353	-15.022383	-15.355689
 -2.060000	-13.287713	-15.037372	-15.370682
 -2.050000	-13.271833	-15.052359	-15.385675
 -2.040000	-13.255716	-15.067345	-15.400667
 -2.030000	-13.239367	-15.082330	-15.415658
 -2.020000	-13.222790	-15.097314	-15.430650
 -2.010000	-13.205989	-15.112297	-15.445640
 -2.000000	-13.188968	-15.127277	-15.460630
 -1.990000	-13.171730	-15.142257	-15.475619
 -1.980000	-13.154279	-15.157234	-15.490608
 -1.970000	-13.136620	-15.172209	-15.505595
 -1.960000	-13.118756	-15.187183	-15.520582
 -1.950000	-13.100690	-15.202153	-15.535568
 -1.940000	-13.082426	-15.217122	-15.550553
 -1.930000	-13.063968	-15.232088	-15.565537
 -1.920000	-13.045320	-15.247050	-15.580519
 -1.910000	-13.026484	-15.262010	-15.595500
 -1.900000	-13.007464	-15.276966	-15.610480
 -1.890000	-12.988263	-15.291918	-15.625459
 -1.880000	-12.968884	-15.306867	-15.640436
 -1.870000	-12.949331	-15.321811	-15.655411
 -1.860000	-12.929607	-15.336750	-15.670384
 -1.850000	-12.909714	-15.351684	-15.685355
 -1.840000	-12.889656	-15.366613	-15.700324
 -1.830000	-12.869435	-15.381536	-15.715291
 -1.820000	-12.849053	-15.396453	-15.730255
 -1.810000	-12.828515	-15.411363	-15.745216
 -1.800000	-12.807821	-15.426265	-15.760174
 -1.790000	-12.786976	-15.441159	-15.775129
 -1.780000	-12.765980	-15.456045	-15.790081
 -1.770000	-12.744837	-15.470922	-15.805029
 -1.760000	-12.723549	-15.485789	-15.819973
 -1.750000	-12.702117	-15.500645	-15.834913
 -1.740000	-12.680545	-15.515490	-15.849848
 -1.730000	-12.658833	-15.530323	-15.864778
 -1.720000	-12.636985	-15.545142	-15.879702
 -1.710000	-12.615002	-15.559948	-15.894621
 -1.700000	-12.592885	-15.574738	-15.909534
 -1.690000	-12.570636	-15.589512	-15.924439
 -1.680000	-12.548258	-15.604270	-15.939338
 -1.670000	-12.525752	-15.619008	-15.954229
 -1.660000	-12.503119	-15.633727	-15.969112
 -1.650000	-12.480360	-15.648425	-15.983986
 -1.640000	-12.457478	-15.663100	-15.998850
 -1.630000	-12.434473	-15.677751	-16.013704
 -1.620000	-12.411347	-15.692377	-16.028547
 -1.610000	-12.388101	-15.706975	-16.043378
 -1.600000	-12.364736	-15.721544	-16.058197
 -1.590000	-12.341254	-15.736082	-16.073002
 -1.580000	-12.317655	-15.750588	-16.087793
 -1.570000	-12.293940	-15.765058	-16.102569
 -1.560000	-12.270111	-15.779491	-16.117328
 -1.550000	-12.246169	-15.793885	-16.132069
 -1.540000	-12.222114	-15.808238	-16.146791
 -1.530000	-12.197947	-15.822545	-16.161494
 -1.520000	-12.173670	-15.836807	-16.176175
 -1.510000	-12.149282	-15.851018	-16.190833
 -1.500000	-12.124786	-15.865177	-16.205466
 -1.490000	-12.100181	-15.879281	-16.220074
 -1.480000	-12.075469	-15.893326	-16.234654
 -1.470000	-12.050650	-15.907310	-16.249205
 -1.460000	-12.025726	-15.921228	-16.263725
 -1.450000	-12.000696	-15.935079	-16.278212
 -1.440000	-11.975562	-15.948857	-16.292663
 -1.430000	-11.950324	-15.962560	-16.307077
 -1.420000	-11.924984	-15.976183	-16.321451
 -1.410000	-11.899542	-15.989723	-16.335784
 -1.400000	-11.873998	-16.003175	-16.350072
 -1.390000	-11.848355	-16.016535	-16.364313
 -1.380000	-11.822612	-16.029800	-16.378505
 -1.370000	-11.796770	-16.042964	-16.392644
 -1.360000	-11.770831	-16.056023	-16.406727
 -1.350000	-11.744795	-16.068972	-16.420753
 -1.340000	-11.718663	-16.081807	-16.434716
 -1.330000	-11.692437	-16.094523	-16.448615
 -1.320000	-11.666116	-16.107114	-16.462446
 -1.310000	-11.639703	-16.119575	-16.476204
 -1.300000	-11.613199	-16.131902	-16.489888
 -1.290000	-11.586603	-16.144090	-16.503491
 -1.280000	-11.559918	-16.156131	-16.517012
 -1.270000	-11.533145	-16.168023	-16.530446
 -1.260000	-11.506285	-16.179757	-16.543788
 -1.250000	-11.479338	-16.191330	-16.557034
 -1.240000	-11.452308	-16.202736	-16.570181
 -1.230000	-11.425193	-16.213968	-16.583223
 -1.220000	-11.397997	-16.225021	-16.596155
 -1.210000	-11.370720	-16.235889	-16.608974
 -1.200000	-11.343365	-16.246567	-16.621674
 -1.190000	-11.315931	-16.257048	-16.634250
 -1.180000	-11.288421	-16.267327	-16.646697
 -1.170000	-11.260836	-16.277398	-16.659011
 -1.160000	-11.233178	-16.287254	-16.671185
 -1.150000	-11.205448	-16.296890	-16.683214
 -1.140000	-11.177648	-16.306301	-16.695094
 -1.130000	-11.149779	-16.315479	-16.706818
 -1.120000	-11.121843	-16.324421	-16.718380
 -1.110000	-11.093841	-16.333119	-16.729776
 -1.100000	-11.065776	-16.341567	-16.741000
 -1.090000	-11.037648	-16.349762	-16.752045
 -1.080000	-11.009459	-16.357696	-16.762907
 -1.070000	-10.981212	-16.365364	-16.773578
 -1.060000	-10.952907	-16.372761	-16.784054
 -1.050000	-10.924546	-16.379882	-16.794328
 -1.040000	-10.896130	-16.386721	-16.804395
 -1.030000	-10.867662	-16.393273	-16.814248
 -1.020000	-10.839143	-16.399534	-16.823882
 -1.010000	-10.810574	-16.405498	-16.833290
 -1.000000	-10.781957	-16.411161	-16.842468
 -0.990000	-10.753294	-16.416518	-16.851408
 -0.980000	-10.724585	-16.421564	-16.860106
 -0.970000	-10.695833	-16.426296	-16.868556
 -0.960000	-10.667039	-16.430710	-16.876751
 -0.950000	-10.638203	-16.434801	-16.884686
 -0.940000	-10.609329	-16.438565	-16.892356
 -0.930000	-10.580416	-16.442000	-16.899755
 -0.920000	-10.551466	-16.445101	-16.906878
 -0.910000	-10.522481	-16.447866	-16.913720
 -0.900000	-10.493461	-16.450291	-16.920274
 -0.890000	-10.464408	-16.452374	-16.926537
 -0.880000	-10.435323	-16.454112	-16.932502
 -0.870000	-10.406207	-16.455502	-16.938167
 -0.860000	-10.377061	-16.456544	-16.943524
 -0.850000	-10.347886	-16.457233	-16.948571
 -0.840000	-10.318683	-16.457570	-16.953303
 -0.830000	-10.289453	-16.457551	-16.957715
 -0.820000	-10.260198	-16.457177	-16.961804
 -0.810000	-10.230917	-16.456445	-16.965565
 -0.800000	-10.201612	-16.455355	-16.968995
 -0.790000	-10.172284	-16.453906	-16.972090
 -0.780000	-10.142933	-16.452097	-16.974847
 -0.770000	-10.113560	-16.449929	-16.977263
 -0.760000	-10.084166	-16.447401	-16.979334
 -0.750000	-10.054752	-16.444514	-16.981059
 -0.740000	-10.025318	-16.441267	-16.982433
 -0.730000	 -9.995865	-16.437662	-16.983456
 -0.720000	 -9.966393	-16.433699	-16.984124
 -0.710000	 -9.936903	-16.429379	-16.984437
 -0.700000	 -9.907397	-16.424703	-16.984391
 -0.690000	 -9.877873	-16.419673	-16.983985
 -0.680000	 -9.848333	-16.414290	-16.983219
 -0.670000	 -9.818778	-16.408555	-16.982091
 -0.660000	 -9.789208	-16.402472	-16.980600
 -0.650000	 -9.759622	-16.396041	-16.978745
 -0.640000	 -9.730023	-16.389264	-16.976526
 -0.630000	 -9.700410	-16.382146	-16.973943
 -0.620000	 -9.670784	-16.374687	-16.970995
 -0.610000	 -9.641144	-16.366890	-16.967682
 -0.600000	 -9.611492	-16.358759	-16.964005
 -0.590000	 -9.581829	-16.350296	-16.959965
 -0.580000	 -9.552153	-16.341505	-16.955562
 -0.570000	 -9.522466	-16.332388	-16.950796
 -0.560000	 -9.492768	-16.322949	-16.945670
 -0.550000	 -9.463060	-16.313192	-16.940184
 -0.540000	 -9.433341	-16.303119	-16.934339
 -0.530000	 -9.403612	-16.292735	-16.928138
 -0.520000	 -9.373874	-16.282043	-16.921581
 -0.510000	 -9.344126	-16.271047	-16.914672
 -0.500000	 -9.314370	-16.259751	-16.907411
 -0.490000	 -9.284604	-16.248159	-16.899802
 -0.480000	 -9.254830	-16.236275	-16.891846
 -0.470000	 -9.225048	-16.224103	-16.883546
 -0.460000	 -9.195258	-16.211647	-16.874904
 -0.450000	 -9.165461	-16.198911	-16.865924
 -0.440000	 -9.135656	-16.185901	-16.856609
 -0.430000	 -9.105844	-16.172618	-16.846960
 -0.420000	 -9.076024	-16.159069	-16.836982
 -0.410000	 -9.046199	-16.145258	-16.826677
 -0.400000	 -9.016366	-16.131188	-16.816049
 -0.390000	 -8.986528	-16.116865	-16.805100
 -0.380000	 -8.956683	-16.102292	-16.793836
 -0.370000	 -8.926833	-16.087474	-16.782258
 -0.360000	 -8.896977	-16.072415	-16.770371
 -0.350000	 -8.867116	-16.057120	-16.758177
 -0.340000	 -8.837249	-16.041592	-16.745682
 -0.330000	 -8.807377	-16.025837	-16.732888
 -0.320000	 -8.777501	-16.009859	-16.719798
 -0.310000	 -8.747619	-15.993661	-16.706418
 -0.300000	 -8.717733	-15.977249	-16.692751
 -0.290000	 -8.687843	-15.960626	-16.678800
 -0.280000	 -8.657949	-15.943797	-16.664569
 -0.270000	 -8.628050	-15.926766	-16.650063
 -0.260000	 -8.598147	-15.909537	-16.635284
 -0.250000	 -8.568241	-15.892113	-16.620237
 -0.240000	 -8.538331	-15.874500	-16.604926
 -0.230000	 -8.508417	-15.856702	-16.589354
 -0.220000	 -8.478500	-15.838721	-16.573525
 -0.210000	 -8.448580	-15.820563	-16.557443
 -0.200000	 -8.418657	-15.802230	-16.541111
 -0.190000	 -8.388730	-15.783727	-16.524534
 -0.180000	 -8.358801	-15.765058	-16.507715
 -0.170000	 -8.328869	-15.746226	-16.490657
 -0.160000	 -8.298934	-15.727236	-16.473365
 -0.150000	 -8.268996	-15.708089	-16.455841
 -0.140000	 -8.239056	-15.688791	-16.438090
 -0.130000	 -8.209114	-15.669345	-16.420114
 -0.120000	 -8.179169	-15.649753	-16.401917
 -0.110000	 -8.149222	-15.630020	-16.383503
 -0.100000	 -8.119273	-15.610149	-16.364874
 -0.090000	 -8.089322	-15.590142	-16.346034
 -0.080000	 -8.059369	-15.570004	-16.326986
 -0.070000	 -8.029414	-15.549737	-16.307733
 -0.060000	 -7.999457	-15.529344	-16.288278
 -0.050000	 -7.969498	-15.508829	-16.268624
 -0.040000	 -7.939538	-15.488193	-16.248774
 -0.030000	 -7.909576	-15.467441	-16.228731
 -0.020000	 -7.879612	-15.446575	-16.208497
 -0.010000	 -7.849647	-15.425597	-16.188076
  0.000000	 -7.819680	-15.404511	-16.167470
  0.010000	 -7.789712	-15.383318	-16.146681
  0.020000	 -7.759743	-15.362022	-16.125713
  0.030000	 -7.729773	-15.340625	-16.104567
  0.040000	 -7.699801	-15.319130	-16.083245
  0.050000	 -7.669828	-15.297538	-16.061752
  0.060000	 -7.639854	-15.275852	-16.040087
  0.070000	 -7.609879	-15.254075	-16.018255
  0.080000	 -7.579902	-15.232208	-15.996256
  0.090000	 -7.549925	-15.210253	-15.974094
  0.100000	 -7.519947	-15.188214	-15.951770
  0.110000	 -7.489968	-15.166091	-15.929286
  0.120000	 -7.459988	-15.143887	-15.906644
  0.130000	 -7.430007	-15.121603	-15.883846
  0.140000	 -7.400025	-15.099242	-15.860895
  0.150000	 -7.370043	-15.076805	-15.837791
  0.160000	 -7.340060	-15.054294	-15.814537
  0.170000	 -7.310076	-15.031711	-15.791135
  0.180000	 -7.280091	-15.009057	-15.767587
  0.190000	 -7.250106	-14.986334	-15.743893
  0.200000	 -7.220120	-14.963544	-15.720056
  0.210000	 -7.190134	-14.940687	-15.696078
  0.220000	 -7.160147	-14.917765	-15.671961
  0.230000	 -7.130159	-14.894780	-15.647705
  0.240000	 -7.100171	-14.871733	-15.623313
  0.250000	 -7.070182	-14.848626	-15.598787
  0.260000	 -7.040193	-14.825459	-15.574128
  0.270000	 -7.010204	-14.802233	-15.549337
  0.280000	 -6.980214	-14.778951	-15.524417
  0.290000	 -6.950223	-14.755612	-15.499369
  0.300000	 -6.920232	-14.732218	-15.474195
  0.310000	 -6.890241	-14.708770	-15.448897
  0.320000	 -6.860249	-14.685270	-15.423476
  0.330000	 -6.830257	-14.661716	-15.397934
  0.340000	 -6.800265	-14.638112	-15.372272
  0.350000	 -6.770272	-14.614457	-15.346493
  0.360000	 -6.740279	-14.590752	-15.320599
  0.370000	 -6.710286	-14.566999	-15.294590
  0.380000	 -6.680292	-14.543197	-15.268469
  0.390000	 -6.650298	-14.519348	-15.242238
  0.400000	 -6.620304	-14.495451	-15.215899
  0.410000	 -6.590310	-14.471508	-15.189452
  0.420000	 -6.560315	-14.447520	-15.162901
  0.430000	 -6.530320	-14.423486	-15.136248
  0.440000	 -6.500325	-14.399407	-15.109493
  0.450000	 -6.470330	-14.375283	-15.082639
  0.460000	 -6.440334	-14.351116	-15.055688
  0.470000	 -6.410338	-14.326905	-15.028642
  0.480000	 -6.380342	-14.302651	-15.001503
  0.490000	 -6.350346	-14.278354	-14.974273
  0.500000	 -6.320350	-14.254014	-14.946953
  0.510000	 -6.290354	-14.229631	-14.919547
  0.520000	 -6.260357	-14.205206	-14.892055
  0.530000	 -6.230360	-14.180739	-14.864480
  0.540000	 -6.200363	-14.156230	-14.836823
  0.550000	 -6.170366	-14.131679	-14.809088
  0.560000	 -6.140369	-14.107086	-14.781275
  0.570000	 -6.110372	-14.082452	-14.753387
  0.580000	 -6.080374	-14.057776	-14.725426
  0.590000	 -6.050377	-14.033058	-14.697393
  0.600000	 -6.020379	-14.008298	-14.669291
  0.610000	 -5.990381	-13.983497	-14.641121
  0.620000	 -5.960384	-13.958654	-14.612886
  0.630000	 -5.930386	-13.933768	-14.584588
  0.640000	 -5.900388	-13.908841	-14.556228
  0.650000	 -5.870390	-13.883872	-14.527807
  0.660000	 -5.840391	-13.858860	-14.499329
  0.670000	 -5.810393	-13.833805	-14.470794
  0.680000	 -5.780395	-13.808708	-14.442205
  0.690000	 -5.750396	-13.783568	-14.413563
  0.700000	 -5.720398	-13.758385	-14.384870
  0.710000	 -5.690399	-13.733159	-14.356128
  0.720000	 -5.660401	-13.707889	-14.327337
  0.730000	 -5.630402	-13.682575	-14.298501
  0.740000	 -5.600403	-13.657216	-14.269620
  0.750000	 -5.570404	-13.631814	-14.240695
  0.760000	 -5.540405	-13.606366	-14.211729
  0.770000	 -5.510407	-13.580874	-14.182723
  0.780000	 -5.480408	-13.555336	-14.153678
  0.790000	 -5.450409	-13.529752	-14.124596
  0.800000	 -5.420410	-13.504122	-14.095478
  0.810000	 -5.390410	-13.478446	-14.066325
  0.820000	 -5.360411	-13.452723	-14.037138
  0.830000	 -5.330412	-13.426952	-14.007919
  0.840000	 -5.300413	-13.401135	-13.978669
  0.850000	 -5.270414	-13.375269	-13.949389
  0.860000	 -5.240414	-13.349355	-13.920080
  0.870000	 -5.210415	-13.323393	-13.890743
  0.880000	 -5.180416	-13.297381	-13.861380
  0.890000	 -5.150416	-13.271320	-13.831991
  0.900000	 -5.120417	-13.245209	-13.802577
  0.910000	 -5.090418	-13.219048	-13.773140
  0.920000	 -5.060418	-13.192836	-13.743679
  0.930000	 -5.030419	-13.166573	-13.714197
  0.940000	 -5.000419	-13.140258	-13.684693
  0.950000	 -4.970420	-13.113892	-13.655169
  0.960000	 -4.940420	-13.087473	-13.625625
  0.970000	 -4.910420	-13.061002	-13.596063
  0.980000	 -4.880421	-13.034477	-13.566483
  0.990000	 -4.850421	-13.007899	-13.536885
  1.000000	 -4.820422	-12.981267	-13.507270
  1.010000	 -4.790422	-12.954580	-13.477640
  1.020000	 -4.760422	-12.927839	-13.447994
  1.030000	 -4.730423	-12.901043	-13.418334
  1.040000	 -4.700423	-12.874191	-13.388659
  1.050000	 -4.670423	-12.847283	-13.358970
  1.060000	 -4.640424	-12.820318	-13.329269
  1.070000	 -4.610424	-12.793298	-13.299555
  1.080000	 -4.580424	-12.766220	-13.269829
  1.090000	 -4.550424	-12.739085	-13.240091
  1.100000	 -4.520425	-12.711893	-13.210343
  1.110000	 -4.490425	-12.684644	-13.180583
  1.120000	 -4.460425	-12.657337	-13.150814
  1.130000	 -4.430425	-12.629972	-13.121035
  1.140000	 -4.400425	-12.602549	-13.091246
  1.150000	 -4.370426	-12.575068	-13.061448
  1.160000	 -4.340426	-12.547529	-13.031642
  1.170000	 -4.310426	-12.519933	-13.001828
  1.180000	 -4.280426	-12.492278	-12.972005
  1.190000	 -4.250426	-12.464567	-12.942175
  1.200000	 -4.220427	-12.436798	-12.912338
  1.210000	 -4.190427	-12.408971	-12.882493
  1.220000	 -4.160427	-12.381088	-12.852642
  1.230000	 -4.130427	-12.353149	-12.822785
  1.240000	 -4.100427	-12.325154	-12.792921
  1.250000	 -4.070427	-12.297104	-12.763052
  1.260000	 -4.040427	-12.268998	-12.733176
  1.270000	 -4.010427	-12.240838	-12.703296
  1.280000	 -3.980428	-12.212625	-12.673410
  1.290000	 -3.950428	-12.184359	-12.643519
  1.300000	 -3.920428	-12.156040	-12.613624
  1.310000	 -3.890428	-12.127671	-12.583724
  1.320000	 -3.860428	-12.099250	-12.553820
  1.330000	 -3.830428	-12.070780	-12.523911
  1.340000	 -3.800428	-12.042260	-12.493998
  1.350000	 -3.770428	-12.013693	-12.464082
  1.360000	 -3.740428	-11.985079	-12.434162
  1.370000	 -3.710428	-11.956418	-12.404239
  1.380000	 -3.680428	-11.927713	-12.374312
  1.390000	 -3.650428	-11.898963	-12.344382
  1.400000	 -3.620428	-11.870170	-12.314449
  1.410000	 -3.590429	-11.841335	-12.284512
  1.420000	 -3.560429	-11.812459	-12.254574
  1.430000	 -3.530429	-11.783543	-12.224632
  1.440000	 -3.500429	-11.754588	-12.194688
  1.450000	 -3.470429	-11.725595	-12.164741
  1.460000	 -3.440429	-11.696566	-12.134792
  1.470000	 -3.410429	-11.667500	-12.104841
  1.480000	 -3.380429	-11.638399	-12.074888
  1.490000	 -3.350429	-11.609265	-12.044932
  1.500000	 -3.320429	-11.580098	-12.014975
  1.510000	 -3.290429	-11.550899	-11.985015
  1.520000	 -3.260429	-11.521670	-11.955054
  1.530000	 -3.230429	-11.492410	-11.925091
  1.540000	 -3.200429	-11.463122	-11.895127
  1.550000	 -3.170429	-11.433806	-11.865161
  1.560000	 -3.140429	-11.404463	-11.835193
  1.570000	 -3.110429	-11.375094	-11.805224
  1.580000	 -3.080429	-11.345699	-11.775254
  1.590000	 -3.050429	-11.316281	-11.745282
  1.600000	 -3.020429	-11.286839	-11.715309
  1.610000	 -2.990429	-11.257374	-11.685335
  1.620000	 -2.960429	-11.227888	-11.655360
  1.630000	 -2.930429	-11.198380	-11.625383
  1.640000	 -2.900429	-11.168853	-11.595406
  1.650000	 -2.870429	-11.139306	-11.565427
  1.660000	 -2.840429	-11.109740	-11.535448
  1.670000	 -2.810429	-11.080156	-11.505468
  1.680000	 -2.780429	-11.050555	-11.475486
  1.690000	 -2.750429	-11.020938	-11.445504
  1.700000	 -2.720429	-10.991304	-11.415522
  1.710000	 -2.690429	-10.961655	-11.385538
  1.720000	 -2.660429	-10.931991	-11.355554
  1.730000	 -2.630429	-10.902312	-11.325568
  1.740000	 -2.600429	-10.872620	-11.295583
  1.750000	 -2.570429	-10.842915	-11.265596
  1.760000	 -2.540429	-10.813198	-11.235609
  1.770000	 -2.510429	-10.783468	-11.205622
  1.780000	 -2.480430	-10.753727	-11.175634
  1.790000	 -2.450430	-10.723975	-11.145645
  1.800000	 -2.420430	-10.694212	-11.115656
  1.810000	 -2.390430	-10.664438	-11.085666
  1.820000	 -2.360430	-10.634655	-11.055676
  1.830000	 -2.330430	-10.604863	-11.025686
  1.840000	 -2.300430	-10.575062	-10.995695
  1.850000	 -2.270430	-10.545252	-10.965703
  1.860000	 -2.240430	-10.515433	-10.935711
  1.870000	 -2.210430	-10.485607	-10.905719
  1.880000	 -2.180430	-10.455773	-10.875727
  1.890000	 -2.150430	-10.425932	-10.845734
  1.900000	 -2.120430	-10.396084	-10.815741
  1.910000	 -2.090430	-10.366230	-10.785747
  1.920000	 -2.060430	-10.336369	-10.755754
  1.930000	 -2.030430	-10.306502	-10.725760
  1.940000	 -2.000430	-10.276629	-10.695765
  1.950000	 -1.970430	-10.246750	-10.665771
  1.960000	 -1.940430	-10.216866	-10.635776
  1.970000	 -1.910430	-10.186977	-10.605781
  1.980000	 -1.880430	-10.157083	-10.575786
  1.990000	 -1.850430	-10.127185	-10.545790
  2.000000	 -1.820430	-10.097281	-10.515795
