# LISA, DECIGO, and BBO peak-integrated sensitivities
# (*) to the signal from bubble collisions
# (*) for auto- (LISA) and cross- (DECIGO, BBO) correlation searches
# (*) at design sensitivity
#
# Normalization
# (*) threshold signal-to-noise ratio = 1
# (*) observing time = 1 yr
#
# Column 1: Log10 of the peak frequency f_b, redshifted to today, in units of Hz
# Column 2: Log10 of the peak-integrated sensitivity for LISA
# Column 3: Log10 of the peak-integrated sensitivity for DECIGO
# Column 4: Log10 of the peak-integrated sensitivity for BBO
#
#

 -8.000000	 -8.580100	 -9.686837	-10.084489
 -7.990000	 -8.590100	 -9.696837	-10.094489
 -7.980000	 -8.600100	 -9.706837	-10.104489
 -7.970000	 -8.610100	 -9.716837	-10.114489
 -7.960000	 -8.620100	 -9.726837	-10.124489
 -7.950000	 -8.630100	 -9.736837	-10.134489
 -7.940000	 -8.640100	 -9.746837	-10.144489
 -7.930000	 -8.650100	 -9.756837	-10.154489
 -7.920000	 -8.660100	 -9.766837	-10.164489
 -7.910000	 -8.670100	 -9.776837	-10.174489
 -7.900000	 -8.680100	 -9.786837	-10.184489
 -7.890000	 -8.690100	 -9.796837	-10.194489
 -7.880000	 -8.700100	 -9.806837	-10.204489
 -7.870000	 -8.710100	 -9.816837	-10.214489
 -7.860000	 -8.720100	 -9.826837	-10.224489
 -7.850000	 -8.730100	 -9.836837	-10.234489
 -7.840000	 -8.740100	 -9.846837	-10.244489
 -7.830000	 -8.750100	 -9.856837	-10.254489
 -7.820000	 -8.760100	 -9.866837	-10.264489
 -7.810000	 -8.770100	 -9.876837	-10.274489
 -7.800000	 -8.780100	 -9.886837	-10.284489
 -7.790000	 -8.790100	 -9.896837	-10.294489
 -7.780000	 -8.800100	 -9.906837	-10.304489
 -7.770000	 -8.810100	 -9.916837	-10.314489
 -7.760000	 -8.820100	 -9.926837	-10.324489
 -7.750000	 -8.830100	 -9.936837	-10.334489
 -7.740000	 -8.840100	 -9.946837	-10.344489
 -7.730000	 -8.850100	 -9.956837	-10.354489
 -7.720000	 -8.860100	 -9.966837	-10.364489
 -7.710000	 -8.870100	 -9.976837	-10.374489
 -7.700000	 -8.880100	 -9.986837	-10.384489
 -7.690000	 -8.890100	 -9.996837	-10.394489
 -7.680000	 -8.900100	-10.006837	-10.404489
 -7.670000	 -8.910100	-10.016837	-10.414489
 -7.660000	 -8.920100	-10.026837	-10.424489
 -7.650000	 -8.930100	-10.036837	-10.434489
 -7.640000	 -8.940100	-10.046837	-10.444489
 -7.630000	 -8.950100	-10.056837	-10.454489
 -7.620000	 -8.960100	-10.066837	-10.464489
 -7.610000	 -8.970100	-10.076837	-10.474489
 -7.600000	 -8.980100	-10.086837	-10.484489
 -7.590000	 -8.990100	-10.096837	-10.494489
 -7.580000	 -9.000100	-10.106837	-10.504489
 -7.570000	 -9.010100	-10.116837	-10.514489
 -7.560000	 -9.020100	-10.126837	-10.524489
 -7.550000	 -9.030100	-10.136837	-10.534489
 -7.540000	 -9.040100	-10.146837	-10.544489
 -7.530000	 -9.050100	-10.156837	-10.554489
 -7.520000	 -9.060100	-10.166837	-10.564489
 -7.510000	 -9.070100	-10.176837	-10.574489
 -7.500000	 -9.080100	-10.186837	-10.584489
 -7.490000	 -9.090100	-10.196837	-10.594489
 -7.480000	 -9.100100	-10.206837	-10.604489
 -7.470000	 -9.110100	-10.216837	-10.614489
 -7.460000	 -9.120100	-10.226837	-10.624489
 -7.450000	 -9.130100	-10.236837	-10.634489
 -7.440000	 -9.140100	-10.246837	-10.644489
 -7.430000	 -9.150100	-10.256837	-10.654489
 -7.420000	 -9.160100	-10.266837	-10.664489
 -7.410000	 -9.170100	-10.276837	-10.674489
 -7.400000	 -9.180100	-10.286837	-10.684489
 -7.390000	 -9.190100	-10.296837	-10.694489
 -7.380000	 -9.200100	-10.306837	-10.704489
 -7.370000	 -9.210100	-10.316837	-10.714489
 -7.360000	 -9.220100	-10.326837	-10.724489
 -7.350000	 -9.230100	-10.336837	-10.734489
 -7.340000	 -9.240100	-10.346837	-10.744489
 -7.330000	 -9.250100	-10.356837	-10.754489
 -7.320000	 -9.260100	-10.366837	-10.764489
 -7.310000	 -9.270100	-10.376837	-10.774489
 -7.300000	 -9.280100	-10.386837	-10.784489
 -7.290000	 -9.290100	-10.396837	-10.794489
 -7.280000	 -9.300100	-10.406837	-10.804489
 -7.270000	 -9.310100	-10.416837	-10.814489
 -7.260000	 -9.320100	-10.426837	-10.824489
 -7.250000	 -9.330100	-10.436837	-10.834489
 -7.240000	 -9.340100	-10.446837	-10.844489
 -7.230000	 -9.350100	-10.456837	-10.854489
 -7.220000	 -9.360100	-10.466837	-10.864489
 -7.210000	 -9.370100	-10.476837	-10.874489
 -7.200000	 -9.380100	-10.486837	-10.884489
 -7.190000	 -9.390100	-10.496837	-10.894489
 -7.180000	 -9.400100	-10.506837	-10.904489
 -7.170000	 -9.410100	-10.516837	-10.914489
 -7.160000	 -9.420100	-10.526837	-10.924489
 -7.150000	 -9.430100	-10.536837	-10.934489
 -7.140000	 -9.440100	-10.546837	-10.944489
 -7.130000	 -9.450100	-10.556837	-10.954489
 -7.120000	 -9.460100	-10.566837	-10.964489
 -7.110000	 -9.470100	-10.576837	-10.974489
 -7.100000	 -9.480100	-10.586837	-10.984489
 -7.090000	 -9.490100	-10.596837	-10.994489
 -7.080000	 -9.500100	-10.606837	-11.004489
 -7.070000	 -9.510100	-10.616837	-11.014489
 -7.060000	 -9.520100	-10.626837	-11.024489
 -7.050000	 -9.530100	-10.636837	-11.034489
 -7.040000	 -9.540100	-10.646837	-11.044489
 -7.030000	 -9.550100	-10.656837	-11.054489
 -7.020000	 -9.560100	-10.666837	-11.064489
 -7.010000	 -9.570100	-10.676837	-11.074489
 -7.000000	 -9.580100	-10.686837	-11.084489
 -6.990000	 -9.590100	-10.696837	-11.094489
 -6.980000	 -9.600100	-10.706837	-11.104489
 -6.970000	 -9.610100	-10.716837	-11.114489
 -6.960000	 -9.620100	-10.726837	-11.124489
 -6.950000	 -9.630100	-10.736837	-11.134489
 -6.940000	 -9.640100	-10.746837	-11.144489
 -6.930000	 -9.650100	-10.756837	-11.154489
 -6.920000	 -9.660100	-10.766837	-11.164489
 -6.910000	 -9.670100	-10.776837	-11.174489
 -6.900000	 -9.680100	-10.786837	-11.184489
 -6.890000	 -9.690100	-10.796837	-11.194489
 -6.880000	 -9.700100	-10.806837	-11.204489
 -6.870000	 -9.710100	-10.816837	-11.214489
 -6.860000	 -9.720100	-10.826837	-11.224489
 -6.850000	 -9.730100	-10.836837	-11.234489
 -6.840000	 -9.740100	-10.846837	-11.244489
 -6.830000	 -9.750100	-10.856837	-11.254489
 -6.820000	 -9.760100	-10.866837	-11.264489
 -6.810000	 -9.770100	-10.876837	-11.274489
 -6.800000	 -9.780100	-10.886837	-11.284489
 -6.790000	 -9.790100	-10.896837	-11.294489
 -6.780000	 -9.800100	-10.906837	-11.304489
 -6.770000	 -9.810100	-10.916837	-11.314489
 -6.760000	 -9.820100	-10.926837	-11.324489
 -6.750000	 -9.830100	-10.936837	-11.334489
 -6.740000	 -9.840100	-10.946837	-11.344489
 -6.730000	 -9.850100	-10.956837	-11.354489
 -6.720000	 -9.860100	-10.966837	-11.364489
 -6.710000	 -9.870100	-10.976837	-11.374489
 -6.700000	 -9.880100	-10.986837	-11.384489
 -6.690000	 -9.890100	-10.996837	-11.394489
 -6.680000	 -9.900100	-11.006837	-11.404489
 -6.670000	 -9.910100	-11.016837	-11.414489
 -6.660000	 -9.920100	-11.026837	-11.424489
 -6.650000	 -9.930100	-11.036837	-11.434489
 -6.640000	 -9.940100	-11.046837	-11.444489
 -6.630000	 -9.950100	-11.056837	-11.454489
 -6.620000	 -9.960100	-11.066837	-11.464489
 -6.610000	 -9.970100	-11.076837	-11.474489
 -6.600000	 -9.980100	-11.086837	-11.484489
 -6.590000	 -9.990100	-11.096837	-11.494489
 -6.580000	-10.000100	-11.106837	-11.504489
 -6.570000	-10.010100	-11.116837	-11.514489
 -6.560000	-10.020100	-11.126837	-11.524489
 -6.550000	-10.030100	-11.136837	-11.534489
 -6.540000	-10.040100	-11.146837	-11.544489
 -6.530000	-10.050100	-11.156837	-11.554489
 -6.520000	-10.060100	-11.166837	-11.564489
 -6.510000	-10.070100	-11.176837	-11.574489
 -6.500000	-10.080100	-11.186837	-11.584489
 -6.490000	-10.090100	-11.196837	-11.594489
 -6.480000	-10.100100	-11.206837	-11.604489
 -6.470000	-10.110100	-11.216837	-11.614489
 -6.460000	-10.120100	-11.226837	-11.624489
 -6.450000	-10.130100	-11.236837	-11.634489
 -6.440000	-10.140100	-11.246837	-11.644489
 -6.430000	-10.150100	-11.256837	-11.654489
 -6.420000	-10.160100	-11.266837	-11.664489
 -6.410000	-10.170100	-11.276837	-11.674489
 -6.400000	-10.180100	-11.286837	-11.684489
 -6.390000	-10.190100	-11.296837	-11.694489
 -6.380000	-10.200100	-11.306837	-11.704489
 -6.370000	-10.210100	-11.316837	-11.714489
 -6.360000	-10.220100	-11.326837	-11.724489
 -6.350000	-10.230100	-11.336837	-11.734489
 -6.340000	-10.240100	-11.346837	-11.744489
 -6.330000	-10.250100	-11.356837	-11.754489
 -6.320000	-10.260100	-11.366837	-11.764489
 -6.310000	-10.270100	-11.376837	-11.774489
 -6.300000	-10.280100	-11.386837	-11.784489
 -6.290000	-10.290100	-11.396837	-11.794489
 -6.280000	-10.300100	-11.406837	-11.804489
 -6.270000	-10.310100	-11.416837	-11.814489
 -6.260000	-10.320100	-11.426837	-11.824489
 -6.250000	-10.330100	-11.436837	-11.834489
 -6.240000	-10.340100	-11.446837	-11.844489
 -6.230000	-10.350100	-11.456837	-11.854489
 -6.220000	-10.360100	-11.466837	-11.864489
 -6.210000	-10.370100	-11.476837	-11.874489
 -6.200000	-10.380100	-11.486837	-11.884489
 -6.190000	-10.390100	-11.496837	-11.894489
 -6.180000	-10.400100	-11.506837	-11.904489
 -6.170000	-10.410100	-11.516837	-11.914489
 -6.160000	-10.420100	-11.526837	-11.924489
 -6.150000	-10.430100	-11.536837	-11.934489
 -6.140000	-10.440100	-11.546837	-11.944489
 -6.130000	-10.450100	-11.556837	-11.954489
 -6.120000	-10.460100	-11.566837	-11.964489
 -6.110000	-10.470100	-11.576837	-11.974489
 -6.100000	-10.480100	-11.586837	-11.984489
 -6.090000	-10.490100	-11.596837	-11.994489
 -6.080000	-10.500100	-11.606837	-12.004489
 -6.070000	-10.510100	-11.616837	-12.014489
 -6.060000	-10.520100	-11.626837	-12.024489
 -6.050000	-10.530100	-11.636837	-12.034489
 -6.040000	-10.540100	-11.646837	-12.044489
 -6.030000	-10.550100	-11.656837	-12.054489
 -6.020000	-10.560100	-11.666837	-12.064489
 -6.010000	-10.570100	-11.676837	-12.074489
 -6.000000	-10.580100	-11.686837	-12.084489
 -5.990000	-10.590100	-11.696837	-12.094489
 -5.980000	-10.600100	-11.706837	-12.104489
 -5.970000	-10.610100	-11.716837	-12.114489
 -5.960000	-10.620100	-11.726837	-12.124489
 -5.950000	-10.630100	-11.736837	-12.134489
 -5.940000	-10.640100	-11.746837	-12.144489
 -5.930000	-10.650100	-11.756837	-12.154489
 -5.920000	-10.660100	-11.766837	-12.164489
 -5.910000	-10.670100	-11.776837	-12.174489
 -5.900000	-10.680100	-11.786837	-12.184489
 -5.890000	-10.690100	-11.796837	-12.194489
 -5.880000	-10.700100	-11.806837	-12.204489
 -5.870000	-10.710100	-11.816837	-12.214489
 -5.860000	-10.720100	-11.826837	-12.224489
 -5.850000	-10.730100	-11.836837	-12.234489
 -5.840000	-10.740100	-11.846837	-12.244489
 -5.830000	-10.750100	-11.856837	-12.254489
 -5.820000	-10.760100	-11.866837	-12.264489
 -5.810000	-10.770100	-11.876837	-12.274489
 -5.800000	-10.780100	-11.886837	-12.284489
 -5.790000	-10.790100	-11.896837	-12.294489
 -5.780000	-10.800100	-11.906837	-12.304489
 -5.770000	-10.810100	-11.916837	-12.314489
 -5.760000	-10.820100	-11.926837	-12.324489
 -5.750000	-10.830100	-11.936837	-12.334489
 -5.740000	-10.840100	-11.946837	-12.344489
 -5.730000	-10.850100	-11.956837	-12.354489
 -5.720000	-10.860100	-11.966837	-12.364489
 -5.710000	-10.870100	-11.976837	-12.374489
 -5.700000	-10.880100	-11.986837	-12.384489
 -5.690000	-10.890100	-11.996837	-12.394489
 -5.680000	-10.900100	-12.006837	-12.404489
 -5.670000	-10.910100	-12.016837	-12.414489
 -5.660000	-10.920100	-12.026837	-12.424489
 -5.650000	-10.930100	-12.036837	-12.434489
 -5.640000	-10.940100	-12.046837	-12.444489
 -5.630000	-10.950100	-12.056837	-12.454489
 -5.620000	-10.960100	-12.066837	-12.464489
 -5.610000	-10.970100	-12.076837	-12.474489
 -5.600000	-10.980100	-12.086837	-12.484489
 -5.590000	-10.990100	-12.096837	-12.494489
 -5.580000	-11.000100	-12.106837	-12.504489
 -5.570000	-11.010100	-12.116837	-12.514489
 -5.560000	-11.020100	-12.126837	-12.524489
 -5.550000	-11.030100	-12.136837	-12.534489
 -5.540000	-11.040100	-12.146837	-12.544489
 -5.530000	-11.050100	-12.156837	-12.554489
 -5.520000	-11.060100	-12.166837	-12.564489
 -5.510000	-11.070100	-12.176837	-12.574489
 -5.500000	-11.080100	-12.186837	-12.584489
 -5.490000	-11.090100	-12.196837	-12.594489
 -5.480000	-11.100100	-12.206837	-12.604489
 -5.470000	-11.110100	-12.216837	-12.614489
 -5.460000	-11.120100	-12.226837	-12.624489
 -5.450000	-11.130100	-12.236837	-12.634489
 -5.440000	-11.140100	-12.246837	-12.644489
 -5.430000	-11.150100	-12.256837	-12.654489
 -5.420000	-11.160100	-12.266837	-12.664489
 -5.410000	-11.170100	-12.276837	-12.674489
 -5.400000	-11.180100	-12.286837	-12.684489
 -5.390000	-11.190100	-12.296837	-12.694489
 -5.380000	-11.200100	-12.306837	-12.704489
 -5.370000	-11.210100	-12.316837	-12.714489
 -5.360000	-11.220100	-12.326837	-12.724489
 -5.350000	-11.230100	-12.336837	-12.734489
 -5.340000	-11.240100	-12.346837	-12.744489
 -5.330000	-11.250100	-12.356837	-12.754489
 -5.320000	-11.260100	-12.366837	-12.764489
 -5.310000	-11.270100	-12.376837	-12.774489
 -5.300000	-11.280100	-12.386837	-12.784489
 -5.290000	-11.290100	-12.396837	-12.794489
 -5.280000	-11.300100	-12.406837	-12.804489
 -5.270000	-11.310100	-12.416837	-12.814489
 -5.260000	-11.320100	-12.426837	-12.824489
 -5.250000	-11.330100	-12.436837	-12.834489
 -5.240000	-11.340100	-12.446837	-12.844489
 -5.230000	-11.350100	-12.456837	-12.854489
 -5.220000	-11.360100	-12.466837	-12.864489
 -5.210000	-11.370100	-12.476837	-12.874489
 -5.200000	-11.380100	-12.486837	-12.884489
 -5.190000	-11.390100	-12.496837	-12.894489
 -5.180000	-11.400100	-12.506837	-12.904489
 -5.170000	-11.410100	-12.516837	-12.914489
 -5.160000	-11.420100	-12.526837	-12.924489
 -5.150000	-11.430100	-12.536837	-12.934489
 -5.140000	-11.440100	-12.546837	-12.944489
 -5.130000	-11.450100	-12.556837	-12.954489
 -5.120000	-11.460100	-12.566837	-12.964489
 -5.110000	-11.470100	-12.576837	-12.974489
 -5.100000	-11.480100	-12.586837	-12.984489
 -5.090000	-11.490100	-12.596837	-12.994489
 -5.080000	-11.500100	-12.606837	-13.004489
 -5.070000	-11.510100	-12.616837	-13.014489
 -5.060000	-11.520100	-12.626837	-13.024489
 -5.050000	-11.530100	-12.636837	-13.034489
 -5.040000	-11.540100	-12.646837	-13.044489
 -5.030000	-11.550100	-12.656837	-13.054489
 -5.020000	-11.560100	-12.666837	-13.064489
 -5.010000	-11.570100	-12.676837	-13.074489
 -5.000000	-11.580100	-12.686837	-13.084489
 -4.990000	-11.590100	-12.696837	-13.094489
 -4.980000	-11.600100	-12.706837	-13.104489
 -4.970000	-11.610100	-12.716837	-13.114489
 -4.960000	-11.620100	-12.726837	-13.124489
 -4.950000	-11.630100	-12.736837	-13.134489
 -4.940000	-11.640100	-12.746837	-13.144489
 -4.930000	-11.650100	-12.756837	-13.154489
 -4.920000	-11.660100	-12.766837	-13.164489
 -4.910000	-11.670100	-12.776837	-13.174489
 -4.900000	-11.680100	-12.786837	-13.184489
 -4.890000	-11.690100	-12.796837	-13.194489
 -4.880000	-11.700100	-12.806837	-13.204489
 -4.870000	-11.710100	-12.816837	-13.214489
 -4.860000	-11.720100	-12.826837	-13.224489
 -4.850000	-11.730100	-12.836837	-13.234489
 -4.840000	-11.740100	-12.846837	-13.244489
 -4.830000	-11.750100	-12.856837	-13.254489
 -4.820000	-11.760100	-12.866837	-13.264489
 -4.810000	-11.770100	-12.876837	-13.274489
 -4.800000	-11.780100	-12.886837	-13.284489
 -4.790000	-11.790100	-12.896837	-13.294489
 -4.780000	-11.800100	-12.906837	-13.304489
 -4.770000	-11.810100	-12.916837	-13.314489
 -4.760000	-11.820100	-12.926837	-13.324489
 -4.750000	-11.830100	-12.936837	-13.334489
 -4.740000	-11.840100	-12.946837	-13.344489
 -4.730000	-11.850100	-12.956837	-13.354489
 -4.720000	-11.860100	-12.966837	-13.364489
 -4.710000	-11.870100	-12.976837	-13.374489
 -4.700000	-11.880100	-12.986837	-13.384489
 -4.690000	-11.890100	-12.996837	-13.394489
 -4.680000	-11.900100	-13.006837	-13.404489
 -4.670000	-11.910100	-13.016837	-13.414489
 -4.660000	-11.920100	-13.026837	-13.424489
 -4.650000	-11.930100	-13.036837	-13.434489
 -4.640000	-11.940099	-13.046837	-13.444489
 -4.630000	-11.950099	-13.056837	-13.454489
 -4.620000	-11.960099	-13.066837	-13.464489
 -4.610000	-11.970099	-13.076837	-13.474489
 -4.600000	-11.980099	-13.086837	-13.484489
 -4.590000	-11.990099	-13.096837	-13.494489
 -4.580000	-12.000099	-13.106837	-13.504489
 -4.570000	-12.010099	-13.116837	-13.514489
 -4.560000	-12.020099	-13.126837	-13.524489
 -4.550000	-12.030099	-13.136837	-13.534489
 -4.540000	-12.040099	-13.146837	-13.544489
 -4.530000	-12.050099	-13.156837	-13.554489
 -4.520000	-12.060099	-13.166837	-13.564489
 -4.510000	-12.070099	-13.176837	-13.574489
 -4.500000	-12.080098	-13.186837	-13.584489
 -4.490000	-12.090098	-13.196837	-13.594489
 -4.480000	-12.100098	-13.206837	-13.604489
 -4.470000	-12.110098	-13.216837	-13.614489
 -4.460000	-12.120098	-13.226837	-13.624489
 -4.450000	-12.130098	-13.236837	-13.634489
 -4.440000	-12.140097	-13.246837	-13.644489
 -4.430000	-12.150097	-13.256837	-13.654489
 -4.420000	-12.160097	-13.266837	-13.664489
 -4.410000	-12.170097	-13.276837	-13.674489
 -4.400000	-12.180096	-13.286837	-13.684489
 -4.390000	-12.190096	-13.296837	-13.694489
 -4.380000	-12.200096	-13.306837	-13.704489
 -4.370000	-12.210095	-13.316837	-13.714489
 -4.360000	-12.220095	-13.326837	-13.724489
 -4.350000	-12.230094	-13.336837	-13.734489
 -4.340000	-12.240094	-13.346837	-13.744489
 -4.330000	-12.250093	-13.356837	-13.754489
 -4.320000	-12.260093	-13.366837	-13.764489
 -4.310000	-12.270092	-13.376837	-13.774489
 -4.300000	-12.280092	-13.386837	-13.784489
 -4.290000	-12.290091	-13.396837	-13.794489
 -4.280000	-12.300090	-13.406837	-13.804489
 -4.270000	-12.310089	-13.416837	-13.814489
 -4.260000	-12.320088	-13.426837	-13.824489
 -4.250000	-12.330087	-13.436837	-13.834489
 -4.240000	-12.340086	-13.446837	-13.844489
 -4.230000	-12.350085	-13.456837	-13.854489
 -4.220000	-12.360084	-13.466837	-13.864489
 -4.210000	-12.370082	-13.476837	-13.874489
 -4.200000	-12.380081	-13.486837	-13.884489
 -4.190000	-12.390079	-13.496837	-13.894489
 -4.180000	-12.400077	-13.506837	-13.904489
 -4.170000	-12.410075	-13.516837	-13.914489
 -4.160000	-12.420073	-13.526837	-13.924489
 -4.150000	-12.430071	-13.536837	-13.934489
 -4.140000	-12.440068	-13.546837	-13.944489
 -4.130000	-12.450065	-13.556837	-13.954489
 -4.120000	-12.460062	-13.566837	-13.964489
 -4.110000	-12.470059	-13.576837	-13.974489
 -4.100000	-12.480056	-13.586837	-13.984489
 -4.090000	-12.490052	-13.596837	-13.994489
 -4.080000	-12.500048	-13.606837	-14.004489
 -4.070000	-12.510043	-13.616837	-14.014489
 -4.060000	-12.520039	-13.626837	-14.024489
 -4.050000	-12.530033	-13.636837	-14.034489
 -4.040000	-12.540028	-13.646837	-14.044489
 -4.030000	-12.550022	-13.656837	-14.054489
 -4.020000	-12.560015	-13.666837	-14.064489
 -4.010000	-12.570008	-13.676837	-14.074489
 -4.000000	-12.580000	-13.686837	-14.084489
 -3.990000	-12.589992	-13.696837	-14.094489
 -3.980000	-12.599983	-13.706837	-14.104489
 -3.970000	-12.609973	-13.716837	-14.114489
 -3.960000	-12.619963	-13.726837	-14.124489
 -3.950000	-12.629952	-13.736837	-14.134489
 -3.940000	-12.639940	-13.746837	-14.144489
 -3.930000	-12.649926	-13.756837	-14.154489
 -3.920000	-12.659912	-13.766837	-14.164489
 -3.910000	-12.669897	-13.776837	-14.174489
 -3.900000	-12.679881	-13.786837	-14.184489
 -3.890000	-12.689863	-13.796837	-14.194489
 -3.880000	-12.699844	-13.806837	-14.204489
 -3.870000	-12.709823	-13.816837	-14.214489
 -3.860000	-12.719801	-13.826837	-14.224489
 -3.850000	-12.729777	-13.836837	-14.234489
 -3.840000	-12.739751	-13.846837	-14.244489
 -3.830000	-12.749724	-13.856837	-14.254489
 -3.820000	-12.759694	-13.866837	-14.264489
 -3.810000	-12.769662	-13.876836	-14.274489
 -3.800000	-12.779628	-13.886836	-14.284489
 -3.790000	-12.789591	-13.896836	-14.294489
 -3.780000	-12.799552	-13.906836	-14.304489
 -3.770000	-12.809509	-13.916836	-14.314489
 -3.760000	-12.819464	-13.926836	-14.324489
 -3.750000	-12.829415	-13.936836	-14.334489
 -3.740000	-12.839363	-13.946836	-14.344488
 -3.730000	-12.849307	-13.956836	-14.354488
 -3.720000	-12.859247	-13.966836	-14.364488
 -3.710000	-12.869183	-13.976836	-14.374488
 -3.700000	-12.879114	-13.986836	-14.384488
 -3.690000	-12.889041	-13.996836	-14.394488
 -3.680000	-12.898963	-14.006836	-14.404488
 -3.670000	-12.908879	-14.016836	-14.414488
 -3.660000	-12.918789	-14.026836	-14.424488
 -3.650000	-12.928694	-14.036835	-14.434488
 -3.640000	-12.938592	-14.046835	-14.444488
 -3.630000	-12.948483	-14.056835	-14.454488
 -3.620000	-12.958367	-14.066835	-14.464488
 -3.610000	-12.968244	-14.076835	-14.474488
 -3.600000	-12.978113	-14.086835	-14.484487
 -3.590000	-12.987973	-14.096835	-14.494487
 -3.580000	-12.997824	-14.106834	-14.504487
 -3.570000	-13.007666	-14.116834	-14.514487
 -3.560000	-13.017498	-14.126834	-14.524487
 -3.550000	-13.027319	-14.136834	-14.534487
 -3.540000	-13.037129	-14.146833	-14.544486
 -3.530000	-13.046928	-14.156833	-14.554486
 -3.520000	-13.056715	-14.166833	-14.564486
 -3.510000	-13.066489	-14.176832	-14.574486
 -3.500000	-13.076249	-14.186832	-14.584485
 -3.490000	-13.085995	-14.196831	-14.594485
 -3.480000	-13.095726	-14.206831	-14.604485
 -3.470000	-13.105442	-14.216830	-14.614484
 -3.460000	-13.115141	-14.226830	-14.624484
 -3.450000	-13.124824	-14.236829	-14.634483
 -3.440000	-13.134488	-14.246828	-14.644483
 -3.430000	-13.144134	-14.256828	-14.654482
 -3.420000	-13.153760	-14.266827	-14.664482
 -3.410000	-13.163365	-14.276826	-14.674481
 -3.400000	-13.172950	-14.286825	-14.684480
 -3.390000	-13.182512	-14.296824	-14.694479
 -3.380000	-13.192050	-14.306823	-14.704478
 -3.370000	-13.201565	-14.316821	-14.714478
 -3.360000	-13.211054	-14.326820	-14.724476
 -3.350000	-13.220517	-14.336819	-14.734475
 -3.340000	-13.229952	-14.346817	-14.744474
 -3.330000	-13.239359	-14.356815	-14.754473
 -3.320000	-13.248736	-14.366813	-14.764471
 -3.310000	-13.258082	-14.376811	-14.774470
 -3.300000	-13.267396	-14.386809	-14.784468
 -3.290000	-13.276677	-14.396806	-14.794466
 -3.280000	-13.285923	-14.406803	-14.804464
 -3.270000	-13.295133	-14.416800	-14.814462
 -3.260000	-13.304306	-14.426797	-14.824459
 -3.250000	-13.313440	-14.436794	-14.834457
 -3.240000	-13.322534	-14.446790	-14.844454
 -3.230000	-13.331587	-14.456786	-14.854451
 -3.220000	-13.340596	-14.466781	-14.864448
 -3.210000	-13.349560	-14.476776	-14.874444
 -3.200000	-13.358479	-14.486771	-14.884440
 -3.190000	-13.367349	-14.496765	-14.894436
 -3.180000	-13.376170	-14.506759	-14.904431
 -3.170000	-13.384940	-14.516752	-14.914426
 -3.160000	-13.393656	-14.526745	-14.924420
 -3.150000	-13.402317	-14.536737	-14.934414
 -3.140000	-13.410922	-14.546728	-14.944408
 -3.130000	-13.419468	-14.556719	-14.954401
 -3.120000	-13.427954	-14.566709	-14.964394
 -3.110000	-13.436376	-14.576698	-14.974386
 -3.100000	-13.444734	-14.586686	-14.984377
 -3.090000	-13.453025	-14.596674	-14.994368
 -3.080000	-13.461246	-14.606660	-15.004358
 -3.070000	-13.469396	-14.616646	-15.014347
 -3.060000	-13.477472	-14.626630	-15.024335
 -3.050000	-13.485472	-14.636613	-15.034323
 -3.040000	-13.493394	-14.646596	-15.044310
 -3.030000	-13.501234	-14.656576	-15.054295
 -3.020000	-13.508990	-14.666556	-15.064280
 -3.010000	-13.516659	-14.676534	-15.074264
 -3.000000	-13.524239	-14.686511	-15.084247
 -2.990000	-13.531727	-14.696487	-15.094229
 -2.980000	-13.539119	-14.706461	-15.104209
 -2.970000	-13.546413	-14.716433	-15.114189
 -2.960000	-13.553606	-14.726404	-15.124167
 -2.950000	-13.560694	-14.736373	-15.134144
 -2.940000	-13.567674	-14.746341	-15.144120
 -2.930000	-13.574543	-14.756307	-15.154095
 -2.920000	-13.581297	-14.766271	-15.164069
 -2.910000	-13.587932	-14.776234	-15.174041
 -2.900000	-13.594446	-14.786194	-15.184011
 -2.890000	-13.600833	-14.796153	-15.193981
 -2.880000	-13.607091	-14.806111	-15.203949
 -2.870000	-13.613215	-14.816066	-15.213916
 -2.860000	-13.619201	-14.826020	-15.223882
 -2.850000	-13.625044	-14.835971	-15.233846
 -2.840000	-13.630742	-14.845921	-15.243809
 -2.830000	-13.636289	-14.855870	-15.253770
 -2.820000	-13.641680	-14.865816	-15.263730
 -2.810000	-13.646912	-14.875761	-15.273689
 -2.800000	-13.651979	-14.885703	-15.283647
 -2.790000	-13.656877	-14.895644	-15.293603
 -2.780000	-13.661600	-14.905584	-15.303558
 -2.770000	-13.666144	-14.915521	-15.313511
 -2.760000	-13.670504	-14.925457	-15.323464
 -2.750000	-13.674675	-14.935390	-15.333414
 -2.740000	-13.678651	-14.945322	-15.343364
 -2.730000	-13.682427	-14.955252	-15.353312
 -2.720000	-13.685997	-14.965180	-15.363259
 -2.710000	-13.689357	-14.975107	-15.373204
 -2.700000	-13.692501	-14.985031	-15.383148
 -2.690000	-13.695423	-14.994954	-15.393090
 -2.680000	-13.698117	-15.004874	-15.403031
 -2.670000	-13.700579	-15.014792	-15.412971
 -2.660000	-13.702802	-15.024709	-15.422909
 -2.650000	-13.704781	-15.034623	-15.432845
 -2.640000	-13.706509	-15.044535	-15.442780
 -2.630000	-13.707983	-15.054446	-15.452714
 -2.620000	-13.709195	-15.064354	-15.462645
 -2.610000	-13.710141	-15.074259	-15.472575
 -2.600000	-13.710815	-15.084163	-15.482504
 -2.590000	-13.711210	-15.094064	-15.492431
 -2.580000	-13.711323	-15.103962	-15.502355
 -2.570000	-13.711148	-15.113859	-15.512279
 -2.560000	-13.710679	-15.123752	-15.522200
 -2.550000	-13.709912	-15.133644	-15.532119
 -2.540000	-13.708841	-15.143532	-15.542037
 -2.530000	-13.707461	-15.153418	-15.551952
 -2.520000	-13.705769	-15.163302	-15.561866
 -2.510000	-13.703759	-15.173182	-15.571777
 -2.500000	-13.701428	-15.183060	-15.581687
 -2.490000	-13.698771	-15.192934	-15.591594
 -2.480000	-13.695785	-15.202806	-15.601499
 -2.470000	-13.692465	-15.212674	-15.611402
 -2.460000	-13.688809	-15.222540	-15.621302
 -2.450000	-13.684813	-15.232402	-15.631200
 -2.440000	-13.680475	-15.242261	-15.641096
 -2.430000	-13.675792	-15.252116	-15.650989
 -2.420000	-13.670762	-15.261969	-15.660880
 -2.410000	-13.665382	-15.271817	-15.670768
 -2.400000	-13.659652	-15.281662	-15.680653
 -2.390000	-13.653570	-15.291503	-15.690536
 -2.380000	-13.647134	-15.301340	-15.700415
 -2.370000	-13.640345	-15.311174	-15.710292
 -2.360000	-13.633201	-15.321003	-15.720166
 -2.350000	-13.625703	-15.330828	-15.730037
 -2.340000	-13.617851	-15.340649	-15.739905
 -2.330000	-13.609645	-15.350466	-15.749770
 -2.320000	-13.601087	-15.360278	-15.759632
 -2.310000	-13.592177	-15.370086	-15.769490
 -2.300000	-13.582918	-15.379889	-15.779345
 -2.290000	-13.573310	-15.389688	-15.789196
 -2.280000	-13.563357	-15.399481	-15.799044
 -2.270000	-13.553060	-15.409270	-15.808888
 -2.260000	-13.542422	-15.419053	-15.818728
 -2.250000	-13.531446	-15.428831	-15.828565
 -2.240000	-13.520135	-15.438604	-15.838397
 -2.230000	-13.508493	-15.448371	-15.848226
 -2.220000	-13.496524	-15.458132	-15.858050
 -2.210000	-13.484230	-15.467888	-15.867870
 -2.200000	-13.471617	-15.477637	-15.877686
 -2.190000	-13.458688	-15.487381	-15.887498
 -2.180000	-13.445449	-15.497118	-15.897304
 -2.170000	-13.431902	-15.506849	-15.907107
 -2.160000	-13.418054	-15.516573	-15.916904
 -2.150000	-13.403908	-15.526290	-15.926696
 -2.140000	-13.389471	-15.536001	-15.936484
 -2.130000	-13.374746	-15.545704	-15.946266
 -2.120000	-13.359739	-15.555400	-15.956043
 -2.110000	-13.344455	-15.565089	-15.965815
 -2.100000	-13.328900	-15.574769	-15.975580
 -2.090000	-13.313078	-15.584442	-15.985341
 -2.080000	-13.296995	-15.594107	-15.995095
 -2.070000	-13.280655	-15.603763	-16.004844
 -2.060000	-13.264065	-15.613411	-16.014586
 -2.050000	-13.247230	-15.623050	-16.024322
 -2.040000	-13.230154	-15.632680	-16.034051
 -2.030000	-13.212843	-15.642301	-16.043774
 -2.020000	-13.195302	-15.651913	-16.053490
 -2.010000	-13.177536	-15.661514	-16.063199
 -2.000000	-13.159550	-15.671106	-16.072901
 -1.990000	-13.141348	-15.680687	-16.082596
 -1.980000	-13.122937	-15.690258	-16.092283
 -1.970000	-13.104320	-15.699818	-16.101962
 -1.960000	-13.085503	-15.709367	-16.111633
 -1.950000	-13.066489	-15.718904	-16.121296
 -1.940000	-13.047283	-15.728430	-16.130951
 -1.930000	-13.027890	-15.737944	-16.140597
 -1.920000	-13.008314	-15.747445	-16.150235
 -1.910000	-12.988559	-15.756933	-16.159863
 -1.900000	-12.968629	-15.766409	-16.169482
 -1.890000	-12.948528	-15.775871	-16.179092
 -1.880000	-12.928259	-15.785319	-16.188691
 -1.870000	-12.907827	-15.794753	-16.198281
 -1.860000	-12.887234	-15.804172	-16.207861
 -1.850000	-12.866485	-15.813577	-16.217429
 -1.840000	-12.845582	-15.822965	-16.226987
 -1.830000	-12.824529	-15.832339	-16.236534
 -1.820000	-12.803329	-15.841695	-16.246069
 -1.810000	-12.781984	-15.851035	-16.255593
 -1.800000	-12.760498	-15.860358	-16.265104
 -1.790000	-12.738873	-15.869663	-16.274603
 -1.780000	-12.717112	-15.878949	-16.284089
 -1.770000	-12.695217	-15.888217	-16.293562
 -1.760000	-12.673191	-15.897466	-16.303022
 -1.750000	-12.651035	-15.906695	-16.312467
 -1.740000	-12.628753	-15.915903	-16.321899
 -1.730000	-12.606345	-15.925090	-16.331316
 -1.720000	-12.583814	-15.934255	-16.340717
 -1.710000	-12.561162	-15.943398	-16.350103
 -1.700000	-12.538390	-15.952518	-16.359474
 -1.690000	-12.515500	-15.961615	-16.368827
 -1.680000	-12.492494	-15.970687	-16.378165
 -1.670000	-12.469373	-15.979734	-16.387484
 -1.660000	-12.446139	-15.988755	-16.396786
 -1.650000	-12.422793	-15.997749	-16.406070
 -1.640000	-12.399335	-16.006716	-16.415334
 -1.630000	-12.375769	-16.015654	-16.424580
 -1.620000	-12.352094	-16.024564	-16.433805
 -1.610000	-12.328311	-16.033443	-16.443010
 -1.600000	-12.304422	-16.042291	-16.452193
 -1.590000	-12.280428	-16.051108	-16.461355
 -1.580000	-12.256330	-16.059891	-16.470495
 -1.570000	-12.232128	-16.068641	-16.479611
 -1.560000	-12.207824	-16.077355	-16.488704
 -1.550000	-12.183419	-16.086033	-16.497772
 -1.540000	-12.158913	-16.094674	-16.506815
 -1.530000	-12.134307	-16.103277	-16.515832
 -1.520000	-12.109602	-16.111840	-16.524822
 -1.510000	-12.084800	-16.120362	-16.533785
 -1.500000	-12.059901	-16.128842	-16.542719
 -1.490000	-12.034905	-16.137279	-16.551624
 -1.480000	-12.009815	-16.145670	-16.560499
 -1.470000	-11.984630	-16.154015	-16.569343
 -1.460000	-11.959352	-16.162312	-16.578155
 -1.450000	-11.933982	-16.170560	-16.586933
 -1.440000	-11.908521	-16.178756	-16.595678
 -1.430000	-11.882970	-16.186900	-16.604388
 -1.420000	-11.857330	-16.194990	-16.613061
 -1.410000	-11.831603	-16.203023	-16.621697
 -1.400000	-11.805789	-16.210998	-16.630295
 -1.390000	-11.779891	-16.218914	-16.638853
 -1.380000	-11.753909	-16.226767	-16.647370
 -1.370000	-11.727845	-16.234556	-16.655845
 -1.360000	-11.701700	-16.242280	-16.664276
 -1.350000	-11.675477	-16.249935	-16.672662
 -1.340000	-11.649176	-16.257519	-16.681001
 -1.330000	-11.622799	-16.265031	-16.689293
 -1.320000	-11.596349	-16.272468	-16.697535
 -1.310000	-11.569826	-16.279827	-16.705726
 -1.300000	-11.543234	-16.287105	-16.713864
 -1.290000	-11.516573	-16.294301	-16.721948
 -1.280000	-11.489846	-16.301411	-16.729975
 -1.270000	-11.463055	-16.308432	-16.737945
 -1.260000	-11.436201	-16.315362	-16.745854
 -1.250000	-11.409288	-16.322198	-16.753702
 -1.240000	-11.382317	-16.328935	-16.761485
 -1.230000	-11.355289	-16.335573	-16.769202
 -1.220000	-11.328209	-16.342106	-16.776851
 -1.210000	-11.301076	-16.348531	-16.784430
 -1.200000	-11.273895	-16.354846	-16.791935
 -1.190000	-11.246667	-16.361046	-16.799366
 -1.180000	-11.219393	-16.367128	-16.806719
 -1.170000	-11.192078	-16.373087	-16.813991
 -1.160000	-11.164721	-16.378921	-16.821180
 -1.150000	-11.137326	-16.384624	-16.828284
 -1.140000	-11.109895	-16.390194	-16.835299
 -1.130000	-11.082429	-16.395625	-16.842223
 -1.120000	-11.054931	-16.400913	-16.849052
 -1.110000	-11.027403	-16.406054	-16.855784
 -1.100000	-10.999846	-16.411044	-16.862415
 -1.090000	-10.972262	-16.415877	-16.868941
 -1.080000	-10.944654	-16.420549	-16.875361
 -1.070000	-10.917022	-16.425055	-16.881669
 -1.060000	-10.889369	-16.429391	-16.887863
 -1.050000	-10.861695	-16.433550	-16.893939
 -1.040000	-10.834003	-16.437529	-16.899892
 -1.030000	-10.806293	-16.441322	-16.905719
 -1.020000	-10.778568	-16.444923	-16.911417
 -1.010000	-10.750827	-16.448328	-16.916980
 -1.000000	-10.723073	-16.451530	-16.922405
 -0.990000	-10.695307	-16.454525	-16.927687
 -0.980000	-10.667528	-16.457308	-16.932822
 -0.970000	-10.639739	-16.459871	-16.937805
 -0.960000	-10.611940	-16.462211	-16.942632
 -0.950000	-10.584131	-16.464321	-16.947297
 -0.940000	-10.556314	-16.466196	-16.951797
 -0.930000	-10.528489	-16.467830	-16.956126
 -0.920000	-10.500655	-16.469217	-16.960279
 -0.910000	-10.472815	-16.470352	-16.964250
 -0.900000	-10.444968	-16.471230	-16.968036
 -0.890000	-10.417115	-16.471845	-16.971629
 -0.880000	-10.389255	-16.472191	-16.975026
 -0.870000	-10.361390	-16.472263	-16.978220
 -0.860000	-10.333519	-16.472056	-16.981207
 -0.850000	-10.305643	-16.471565	-16.983980
 -0.840000	-10.277761	-16.470784	-16.986534
 -0.830000	-10.249875	-16.469709	-16.988863
 -0.820000	-10.221983	-16.468334	-16.990961
 -0.810000	-10.194087	-16.466656	-16.992824
 -0.800000	-10.166187	-16.464669	-16.994445
 -0.790000	-10.138282	-16.462369	-16.995818
 -0.780000	-10.110372	-16.459753	-16.996938
 -0.770000	-10.082459	-16.456817	-16.997799
 -0.760000	-10.054541	-16.453556	-16.998396
 -0.750000	-10.026620	-16.449967	-16.998722
 -0.740000	 -9.998695	-16.446048	-16.998773
 -0.730000	 -9.970766	-16.441794	-16.998542
 -0.720000	 -9.942834	-16.437205	-16.998025
 -0.710000	 -9.914898	-16.432277	-16.997216
 -0.700000	 -9.886959	-16.427008	-16.996110
 -0.690000	 -9.859017	-16.421397	-16.994703
 -0.680000	 -9.831072	-16.415443	-16.992988
 -0.670000	 -9.803124	-16.409143	-16.990962
 -0.660000	 -9.775174	-16.402498	-16.988619
 -0.650000	 -9.747220	-16.395506	-16.985956
 -0.640000	 -9.719264	-16.388169	-16.982969
 -0.630000	 -9.691306	-16.380485	-16.979653
 -0.620000	 -9.663346	-16.372455	-16.976004
 -0.610000	 -9.635383	-16.364081	-16.972020
 -0.600000	 -9.607418	-16.355364	-16.967697
 -0.590000	 -9.579452	-16.346304	-16.963031
 -0.580000	 -9.551483	-16.336903	-16.958022
 -0.570000	 -9.523512	-16.327165	-16.952665
 -0.560000	 -9.495540	-16.317090	-16.946959
 -0.550000	 -9.467566	-16.306682	-16.940902
 -0.540000	 -9.439591	-16.295944	-16.934493
 -0.530000	 -9.411614	-16.284878	-16.927730
 -0.520000	 -9.383636	-16.273489	-16.920612
 -0.510000	 -9.355657	-16.261779	-16.913139
 -0.500000	 -9.327676	-16.249753	-16.905311
 -0.490000	 -9.299694	-16.237414	-16.897128
 -0.480000	 -9.271711	-16.224768	-16.888590
 -0.470000	 -9.243727	-16.211818	-16.879697
 -0.460000	 -9.215742	-16.198569	-16.870451
 -0.450000	 -9.187756	-16.185026	-16.860853
 -0.440000	 -9.159770	-16.171193	-16.850905
 -0.430000	 -9.131782	-16.157077	-16.840608
 -0.420000	 -9.103794	-16.142681	-16.829964
 -0.410000	 -9.075804	-16.128012	-16.818976
 -0.400000	 -9.047815	-16.113074	-16.807647
 -0.390000	 -9.019824	-16.097873	-16.795979
 -0.380000	 -8.991833	-16.082414	-16.783975
 -0.370000	 -8.963842	-16.066703	-16.771639
 -0.360000	 -8.935849	-16.050745	-16.758975
 -0.350000	 -8.907857	-16.034546	-16.745985
 -0.340000	 -8.879864	-16.018111	-16.732674
 -0.330000	 -8.851870	-16.001446	-16.719046
 -0.320000	 -8.823876	-15.984556	-16.705105
 -0.310000	 -8.795882	-15.967447	-16.690856
 -0.300000	 -8.767887	-15.950124	-16.676302
 -0.290000	 -8.739892	-15.932592	-16.661448
 -0.280000	 -8.711896	-15.914857	-16.646300
 -0.270000	 -8.683901	-15.896925	-16.630860
 -0.260000	 -8.655905	-15.878799	-16.615136
 -0.250000	 -8.627908	-15.860486	-16.599130
 -0.240000	 -8.599912	-15.841991	-16.582848
 -0.230000	 -8.571915	-15.823317	-16.566294
 -0.220000	 -8.543918	-15.804471	-16.549474
 -0.210000	 -8.515921	-15.785457	-16.532392
 -0.200000	 -8.487924	-15.766280	-16.515054
 -0.190000	 -8.459926	-15.746944	-16.497463
 -0.180000	 -8.431928	-15.727454	-16.479624
 -0.170000	 -8.403931	-15.707814	-16.461543
 -0.160000	 -8.375933	-15.688028	-16.443223
 -0.150000	 -8.347934	-15.668102	-16.424670
 -0.140000	 -8.319936	-15.648037	-16.405887
 -0.130000	 -8.291938	-15.627840	-16.386880
 -0.120000	 -8.263939	-15.607513	-16.367652
 -0.110000	 -8.235941	-15.587060	-16.348207
 -0.100000	 -8.207942	-15.566486	-16.328551
 -0.090000	 -8.179943	-15.545793	-16.308686
 -0.080000	 -8.151944	-15.524985	-16.288618
 -0.070000	 -8.123946	-15.504065	-16.268348
 -0.060000	 -8.095947	-15.483037	-16.247883
 -0.050000	 -8.067947	-15.461903	-16.227224
 -0.040000	 -8.039948	-15.440667	-16.206376
 -0.030000	 -8.011949	-15.419332	-16.185342
 -0.020000	 -7.983950	-15.397901	-16.164125
 -0.010000	 -7.955951	-15.376375	-16.142729
  0.000000	 -7.927951	-15.354759	-16.121157
  0.010000	 -7.899952	-15.333054	-16.099412
  0.020000	 -7.871952	-15.311264	-16.077496
  0.030000	 -7.843953	-15.289389	-16.055413
  0.040000	 -7.815953	-15.267433	-16.033166
  0.050000	 -7.787954	-15.245399	-16.010756
  0.060000	 -7.759954	-15.223287	-15.988187
  0.070000	 -7.731955	-15.201101	-15.965462
  0.080000	 -7.703955	-15.178841	-15.942582
  0.090000	 -7.675955	-15.156511	-15.919551
  0.100000	 -7.647956	-15.134112	-15.896370
  0.110000	 -7.619956	-15.111645	-15.873042
  0.120000	 -7.591956	-15.089113	-15.849570
  0.130000	 -7.563956	-15.066516	-15.825954
  0.140000	 -7.535957	-15.043858	-15.802199
  0.150000	 -7.507957	-15.021138	-15.778305
  0.160000	 -7.479957	-14.998359	-15.754275
  0.170000	 -7.451957	-14.975522	-15.730111
  0.180000	 -7.423957	-14.952628	-15.705815
  0.190000	 -7.395958	-14.929679	-15.681390
  0.200000	 -7.367958	-14.906675	-15.656837
  0.210000	 -7.339958	-14.883618	-15.632158
  0.220000	 -7.311958	-14.860509	-15.607357
  0.230000	 -7.283958	-14.837349	-15.582434
  0.240000	 -7.255958	-14.814140	-15.557392
  0.250000	 -7.227958	-14.790881	-15.532234
  0.260000	 -7.199958	-14.767573	-15.506961
  0.270000	 -7.171958	-14.744219	-15.481576
  0.280000	 -7.143959	-14.720818	-15.456081
  0.290000	 -7.115959	-14.697371	-15.430479
  0.300000	 -7.087959	-14.673880	-15.404771
  0.310000	 -7.059959	-14.650343	-15.378961
  0.320000	 -7.031959	-14.626764	-15.353051
  0.330000	 -7.003959	-14.603141	-15.327043
  0.340000	 -6.975959	-14.579475	-15.300940
  0.350000	 -6.947959	-14.555768	-15.274744
  0.360000	 -6.919959	-14.532019	-15.248459
  0.370000	 -6.891959	-14.508228	-15.222087
  0.380000	 -6.863959	-14.484397	-15.195630
  0.390000	 -6.835959	-14.460526	-15.169092
  0.400000	 -6.807959	-14.436615	-15.142475
  0.410000	 -6.779959	-14.412664	-15.115782
  0.420000	 -6.751959	-14.388673	-15.089016
  0.430000	 -6.723959	-14.364643	-15.062179
  0.440000	 -6.695959	-14.340575	-15.035275
  0.450000	 -6.667959	-14.316467	-15.008306
  0.460000	 -6.639959	-14.292321	-14.981275
  0.470000	 -6.611959	-14.268137	-14.954185
  0.480000	 -6.583959	-14.243914	-14.927038
  0.490000	 -6.555959	-14.219652	-14.899837
  0.500000	 -6.527959	-14.195353	-14.872586
  0.510000	 -6.499959	-14.171015	-14.845286
  0.520000	 -6.471959	-14.146639	-14.817940
  0.530000	 -6.443959	-14.122224	-14.790551
  0.540000	 -6.415959	-14.097772	-14.763121
  0.550000	 -6.387959	-14.073281	-14.735652
  0.560000	 -6.359959	-14.048751	-14.708147
  0.570000	 -6.331959	-14.024183	-14.680608
  0.580000	 -6.303959	-13.999576	-14.653036
  0.590000	 -6.275959	-13.974931	-14.625435
  0.600000	 -6.247959	-13.950246	-14.597806
  0.610000	 -6.219959	-13.925523	-14.570150
  0.620000	 -6.191959	-13.900760	-14.542470
  0.630000	 -6.163959	-13.875957	-14.514767
  0.640000	 -6.135959	-13.851115	-14.487043
  0.650000	 -6.107959	-13.826233	-14.459299
  0.660000	 -6.079959	-13.801311	-14.431537
  0.670000	 -6.051959	-13.776348	-14.403758
  0.680000	 -6.023959	-13.751345	-14.375963
  0.690000	 -5.995959	-13.726301	-14.348153
  0.700000	 -5.967959	-13.701217	-14.320330
  0.710000	 -5.939959	-13.676090	-14.292494
  0.720000	 -5.911959	-13.650923	-14.264647
  0.730000	 -5.883959	-13.625713	-14.236788
  0.740000	 -5.855959	-13.600462	-14.208920
  0.750000	 -5.827959	-13.575168	-14.181042
  0.760000	 -5.799959	-13.549832	-14.153156
  0.770000	 -5.771959	-13.524453	-14.125261
  0.780000	 -5.743959	-13.499031	-14.097359
  0.790000	 -5.715959	-13.473566	-14.069451
  0.800000	 -5.687959	-13.448057	-14.041536
  0.810000	 -5.659959	-13.422505	-14.013614
  0.820000	 -5.631959	-13.396909	-13.985688
  0.830000	 -5.603959	-13.371269	-13.957756
  0.840000	 -5.575959	-13.345584	-13.929820
  0.850000	 -5.547959	-13.319856	-13.901878
  0.860000	 -5.519959	-13.294082	-13.873933
  0.870000	 -5.491959	-13.268264	-13.845984
  0.880000	 -5.463959	-13.242401	-13.818032
  0.890000	 -5.435959	-13.216493	-13.790076
  0.900000	 -5.407959	-13.190539	-13.762116
  0.910000	 -5.379959	-13.164540	-13.734154
  0.920000	 -5.351959	-13.138496	-13.706190
  0.930000	 -5.323959	-13.112406	-13.678222
  0.940000	 -5.295959	-13.086270	-13.650253
  0.950000	 -5.267959	-13.060088	-13.622281
  0.960000	 -5.239959	-13.033860	-13.594307
  0.970000	 -5.211959	-13.007585	-13.566331
  0.980000	 -5.183959	-12.981265	-13.538353
  0.990000	 -5.155959	-12.954898	-13.510374
  1.000000	 -5.127959	-12.928484	-13.482393
  1.010000	 -5.099959	-12.902023	-13.454411
  1.020000	 -5.071959	-12.875516	-13.426427
  1.030000	 -5.043959	-12.848962	-13.398442
  1.040000	 -5.015959	-12.822361	-13.370457
  1.050000	 -4.987959	-12.795713	-13.342470
  1.060000	 -4.959959	-12.769018	-13.314482
  1.070000	 -4.931959	-12.742277	-13.286493
  1.080000	 -4.903959	-12.715488	-13.258503
  1.090000	 -4.875959	-12.688653	-13.230512
  1.100000	 -4.847959	-12.661771	-13.202521
  1.110000	 -4.819959	-12.634844	-13.174529
  1.120000	 -4.791959	-12.607871	-13.146537
  1.130000	 -4.763959	-12.580852	-13.118544
  1.140000	 -4.735959	-12.553789	-13.090550
  1.150000	 -4.707959	-12.526681	-13.062556
  1.160000	 -4.679959	-12.499530	-13.034561
  1.170000	 -4.651959	-12.472337	-13.006566
  1.180000	 -4.623959	-12.445101	-12.978571
  1.190000	 -4.595959	-12.417826	-12.950575
  1.200000	 -4.567959	-12.390510	-12.922579
  1.210000	 -4.539959	-12.363156	-12.894583
  1.220000	 -4.511959	-12.335765	-12.866586
  1.230000	 -4.483959	-12.308338	-12.838589
  1.240000	 -4.455959	-12.280876	-12.810592
  1.250000	 -4.427959	-12.253381	-12.782595
  1.260000	 -4.399959	-12.225854	-12.754597
  1.270000	 -4.371959	-12.198296	-12.726599
  1.280000	 -4.343959	-12.170709	-12.698601
  1.290000	 -4.315959	-12.143095	-12.670603
  1.300000	 -4.287959	-12.115455	-12.642605
  1.310000	 -4.259959	-12.087789	-12.614606
  1.320000	 -4.231959	-12.060101	-12.586608
  1.330000	 -4.203959	-12.032390	-12.558609
  1.340000	 -4.175959	-12.004658	-12.530610
  1.350000	 -4.147959	-11.976907	-12.502611
  1.360000	 -4.119959	-11.949138	-12.474612
  1.370000	 -4.091959	-11.921351	-12.446613
  1.380000	 -4.063959	-11.893549	-12.418614
  1.390000	 -4.035959	-11.865731	-12.390615
  1.400000	 -4.007959	-11.837900	-12.362616
  1.410000	 -3.979959	-11.810056	-12.334616
  1.420000	 -3.951959	-11.782199	-12.306617
  1.430000	 -3.923959	-11.754332	-12.278618
  1.440000	 -3.895959	-11.726454	-12.250618
  1.450000	 -3.867959	-11.698566	-12.222619
  1.460000	 -3.839959	-11.670670	-12.194619
  1.470000	 -3.811959	-11.642765	-12.166619
  1.480000	 -3.783959	-11.614853	-12.138620
  1.490000	 -3.755959	-11.586934	-12.110620
  1.500000	 -3.727959	-11.559008	-12.082620
  1.510000	 -3.699959	-11.531076	-12.054621
  1.520000	 -3.671959	-11.503139	-12.026621
  1.530000	 -3.643959	-11.475196	-11.998621
  1.540000	 -3.615959	-11.447249	-11.970621
  1.550000	 -3.587959	-11.419298	-11.942622
  1.560000	 -3.559959	-11.391343	-11.914622
  1.570000	 -3.531959	-11.363384	-11.886622
  1.580000	 -3.503959	-11.335421	-11.858622
  1.590000	 -3.475959	-11.307456	-11.830622
  1.600000	 -3.447959	-11.279487	-11.802622
  1.610000	 -3.419959	-11.251516	-11.774623
  1.620000	 -3.391959	-11.223543	-11.746623
  1.630000	 -3.363959	-11.195568	-11.718623
  1.640000	 -3.335959	-11.167590	-11.690623
  1.650000	 -3.307959	-11.139611	-11.662623
  1.660000	 -3.279959	-11.111629	-11.634623
  1.670000	 -3.251959	-11.083647	-11.606623
  1.680000	 -3.223959	-11.055663	-11.578623
  1.690000	 -3.195959	-11.027677	-11.550623
  1.700000	 -3.167959	-10.999690	-11.522623
  1.710000	 -3.139959	-10.971703	-11.494623
  1.720000	 -3.111959	-10.943714	-11.466623
  1.730000	 -3.083959	-10.915724	-11.438623
  1.740000	 -3.055959	-10.887734	-11.410623
  1.750000	 -3.027959	-10.859742	-11.382623
  1.760000	 -2.999959	-10.831750	-11.354624
  1.770000	 -2.971959	-10.803757	-11.326624
  1.780000	 -2.943959	-10.775764	-11.298624
  1.790000	 -2.915959	-10.747770	-11.270624
  1.800000	 -2.887959	-10.719776	-11.242624
  1.810000	 -2.859959	-10.691781	-11.214624
  1.820000	 -2.831959	-10.663785	-11.186624
  1.830000	 -2.803959	-10.635790	-11.158624
  1.840000	 -2.775959	-10.607794	-11.130624
  1.850000	 -2.747959	-10.579797	-11.102624
  1.860000	 -2.719959	-10.551801	-11.074624
  1.870000	 -2.691959	-10.523804	-11.046624
  1.880000	 -2.663959	-10.495806	-11.018624
  1.890000	 -2.635959	-10.467809	-10.990624
  1.900000	 -2.607959	-10.439811	-10.962624
  1.910000	 -2.579959	-10.411813	-10.934624
  1.920000	 -2.551959	-10.383815	-10.906624
  1.930000	 -2.523959	-10.355817	-10.878624
  1.940000	 -2.495959	-10.327819	-10.850624
  1.950000	 -2.467959	-10.299820	-10.822624
  1.960000	 -2.439959	-10.271822	-10.794624
  1.970000	 -2.411959	-10.243823	-10.766624
  1.980000	 -2.383959	-10.215824	-10.738624
  1.990000	 -2.355959	-10.187825	-10.710624
  2.000000	 -2.327959	-10.159826	-10.682624
